0 141.338164625218 146.218649987364 136.620580078886
0.02002002002002 140.858269904511 145.742461542094 136.137759651887
0.04004004004004 140.380004601757 145.267823893768 135.656645523928
0.0600600600600601 139.903363184487 144.794731991923 135.177231664908
0.0800800800800801 139.428340139017 144.323180802548 134.699512066035
0.1001001001001 138.954929970382 143.853165308022 134.223480739753
0.12012012012012 138.483127202277 143.384680507068 133.749131719666
0.14014014014014 138.012926376989 142.917721414695 133.276459060463
0.16016016016016 137.544322055338 142.452283062147 132.805456837845
0.18018018018018 137.077308816609 141.98836049685 132.336119148448
0.2002002002002 136.611881258494 141.525948782358 131.868440109772
0.22022022022022 136.14803399703 141.065042998302 131.402413860104
0.24024024024024 135.68576166653 140.605638240339 130.938034558449
0.26026026026026 135.225058919529 140.147729620094 130.475296384453
0.28028028028028 134.765920426717 139.691312265115 130.014193538331
0.3003003003003 134.308340876879 139.236381318817 129.554720240795
0.32032032032032 133.852314976835 138.782931940431 129.09687073298
0.34034034034034 133.397837451376 138.330959304955 128.640639276375
0.36036036036036 132.944903043203 137.880458603096 128.186020152748
0.38038038038038 132.493506512871 137.431425041229 127.733007664075
0.4004004004004 132.043642638721 136.983853841337 127.281596132469
0.42042042042042 131.595306216825 136.537740240962 126.831779900109
0.44044044044044 131.148492060926 136.093079493161 126.38355332917
0.46046046046046 130.703195002374 135.649866866445 125.93691080175
0.48048048048048 130.259409890069 135.208097644736 125.4918467198
0.500500500500501 129.8171315904 134.767767127317 125.048355505056
0.520520520520521 129.376354987189 134.328870628777 124.606431598967
0.540540540540541 128.937074981627 133.891403478963 124.166069462628
0.560560560560561 128.499286492218 133.455361022935 123.727263576705
0.580580580580581 128.062984454719 133.02073862091 123.290008441372
0.600600600600601 127.628163822084 132.587531648216 122.85429857624
0.620620620620621 127.194819564401 132.155735495241 122.420128520286
0.640640640640641 126.762946668837 131.725345567388 121.987492831788
0.660660660660661 126.332540139582 131.296357285019 121.556386088253
0.680680680680681 125.903594997784 130.868766083415 121.126802886354
0.700700700700701 125.476106281501 130.442567412719 120.698737841857
0.720720720720721 125.050069045634 130.017756737893 120.272185589557
0.740740740740741 124.625478361877 129.59432953867 119.847140783211
0.760760760760761 124.202329318658 129.1722813095 119.423598095468
0.780780780780781 123.78061702108 128.75160755951 119.001552217805
0.800800800800801 123.360336590866 128.33230381245 118.580997860458
0.820820820820821 122.941483166304 127.91436560665 118.161929752359
0.840840840840841 122.524051902187 127.497788494967 117.744342641068
0.860860860860861 122.108037969761 127.082568044745 117.328231292705
0.880880880880881 121.693436556668 126.668699837759 116.913590491889
0.900900900900901 121.280242866888 126.256179470178 116.50041504167
0.920920920920921 120.868452120685 125.845002552509 116.088699763462
0.940940940940941 120.458059554554 125.435164709555 115.678439496984
0.960960960960961 120.049060421162 125.026661580369 115.269629100187
0.980980980980981 119.641449989296 124.619488818206 114.862263449199
1.001001001001 119.235223543807 124.213642090475 114.456337438252
1.02102102102102 118.830376385556 123.809117078697 114.051845979624
1.04104104104104 118.426903831357 123.405909478456 113.648784003572
1.06106106106106 118.024801213928 123.004014999354 113.24714645827
1.08108108108108 117.624063881833 122.603429364967 112.846928309746
1.1011011011011 117.224687199429 122.204148312796 112.448124541817
1.12112112112112 116.826666546814 121.806167594224 112.050730156029
1.14114114114114 116.42999731977 121.409482974472 111.654740171589
1.16116116116116 116.034674929714 121.014090232551 111.260149625311
1.18118118118118 115.640694803643 120.619985161217 110.866953571546
1.2012012012012 115.248052384078 120.227163566932 110.475147082124
1.22122122122122 114.856743129019 119.83562126981 110.08472524629
1.24124124124124 114.466762511884 119.445354103581 109.695683170646
1.26126126126126 114.078106021462 119.056357915543 109.308015979087
1.28128128128128 113.690769161859 118.668628566515 108.921718812737
1.3013013013013 113.304747452446 118.282161930801 108.536786829896
1.32132132132132 112.920036427807 117.896953896136 108.153215205971
1.34134134134134 112.536631637689 117.513000363651 107.770999133422
1.36136136136136 112.154528646948 117.130297247825 107.390133821698
1.38138138138138 111.7737230355 116.74884047644 107.010614497176
1.4014014014014 111.394210398267 116.368625990544 106.632436403106
1.42142142142142 111.01598634513 115.989649744399 106.255594799546
1.44144144144144 110.639046500875 115.611907705446 105.880084963308
1.46146146146146 110.263386505143 115.235395854259 105.505902187893
1.48148148148148 109.889002012381 114.860110184499 105.133041783436
1.5015015015015 109.51588869179 114.486046702878 104.761499076647
1.52152152152152 109.144042227276 114.11320142911 104.39126941075
1.54154154154154 108.7734583174 113.741570395874 104.022348145426
1.56156156156156 108.404132675327 113.371149648767 103.654730656757
1.58158158158158 108.036061028778 113.001935246265 103.288412337165
1.6016016016016 107.669239119981 112.633923259682 102.923388595355
1.62162162162162 107.303662705618 112.267109773124 102.559654856256
1.64164164164164 106.939327556782 111.901490883452 102.19720656097
1.66166166166166 106.576229458921 111.537062700237 101.836039166706
1.68168168168168 106.214364211797 111.173821345719 101.476148146729
1.7017017017017 105.853727629429 110.811762954769 101.117528990302
1.72172172172172 105.494315540053 110.450883674845 100.760177202628
1.74174174174174 105.136123786067 110.091179665949 100.404088304796
1.76176176176176 104.779148223986 109.732647100592 100.049257833722
1.78178178178178 104.423384724394 109.375282163748 99.6956813420954
1.8018018018018 104.068829171897 109.019081052816 99.343354398323
1.82182182182182 103.715477465072 108.664039977579 98.9922725864725
1.84184184184184 103.363325516424 108.310155160163 98.6424315062176
1.86186186186186 103.012369252335 107.957422834998 98.2938267727829
1.88188188188188 102.662604613018 107.605839248776 97.9464540168888
1.9019019019019 102.314027552473 107.255400660414 97.600308884697
1.92192192192192 101.966634038436 106.906103341011 97.2553870377558
1.94194194194194 101.620420052333 106.557943573812 96.9116841529454
1.96196196196196 101.275381589237 106.210917654164 96.5691959224245
1.98198198198198 100.931514657816 105.865021889481 96.2279180535753
2.002002002002 100.588815280293 105.5202525992 95.8878462689505
2.02202202202202 100.247279492396 105.176606114747 95.5489763062193
2.04204204204204 99.9069033433121 104.834078779494 95.2113039181143
2.06206206206206 99.5676828956445 104.492666948721 94.8748248723777
2.08208208208208 99.2296142253642 104.15236698958 94.5395349517088
2.1021021021021 98.8926934217663 103.813175281052 94.205429953711
2.12212212212212 98.5569165874237 103.475088213911 93.8725056908389
2.14214214214214 98.2222798381428 103.138102190685 93.5407579903461
2.16216216216216 97.8887793029182 102.802213625618 93.2101826942327
2.18218218218218 97.556411123888 102.467418944633 92.8807756591934
2.2022022022022 97.2251714562889 102.13371458529 92.5525327565654
2.22222222222222 96.8950564684123 101.801096996753 92.2254498722766
2.24224224224224 96.5660623415596 101.469562639749 91.8995229067942
2.26226226226226 96.2381852699979 101.139107986531 91.5747477750733
2.28228228228228 95.9114214609163 100.809729520841 91.2511204065055
2.3023023023023 95.5857671343819 100.481423737873 90.9286367448682
2.32232232232232 95.2612185232959 100.154187144236 90.6072927482735
2.34234234234234 94.9377718733502 99.8280162579119 90.2870843891176
2.36236236236236 94.6154234429843 99.5029076082267 89.9680076540304
2.38238238238238 94.2941695033411 99.1788577358073 89.6500585438251
2.4024024024024 93.9740063382247 98.855863192547 89.3332330734481
2.42242242242242 93.6549302440571 98.5339205415685 89.0175272719293
2.44244244244244 93.3369375298349 98.2130263571875 88.7029371823319
2.46246246246246 93.0200245170875 97.8931772248759 88.3894588617029
2.48248248248248 92.7041875398337 97.5743697412258 88.0770883810241
2.5025025025025 92.3894229445398 97.2566005139129 87.7658218251623
2.52252252252252 92.0757270900772 96.9398661616609 87.4556552928205
2.54254254254254 91.76309634768 96.6241633142052 87.1465848964891
2.56256256256256 91.4515271009038 96.3094886122569 86.8386067623971
2.58258258258258 91.1410157455828 95.9958387074676 86.5317170304632
2.6026026026026 90.831558689789 95.6832102623931 86.225911854248
2.62262262262262 90.5231523537902 95.3715999504584 85.9211874009053
2.64264264264264 90.2157931700087 95.0610044559221 85.6175398511346
2.66266266266266 89.9094775829801 94.751420473841 85.3149653991325
2.68268268268268 89.604202049312 94.4428447100351 85.0134602525458
2.7027027027027 89.2999630376431 94.1352738810528 84.7130206324231
2.72272272272272 88.9967570286025 93.8287047141353 84.4136427731683
2.74274274274274 88.6945805147688 93.5231339471824 84.1153229224929
2.76276276276276 88.3934300006294 93.2185583287173 83.8180573413689
2.78278278278278 88.0933020025405 92.9149746178525 83.5218423039825
2.8028028028028 87.7941930486864 92.6123795842549 83.2266740976865
2.82282282282282 87.4960996790396 92.3107700081116 82.9325490229548
2.84284284284284 87.1990184453204 92.0101426800958 82.6394633933352
2.86286286286286 86.9029459109575 91.7104944013322 82.3474135354035
2.88288288288288 86.6078786510481 91.4118219833634 82.0563957887177
2.9029029029029 86.3138132523179 91.1141222481158 81.7664065057716
2.92292292292292 86.0207463130821 90.8173920278658 81.4774420519497
2.94294294294294 85.7286744432059 90.5216281652059 81.189498805481
2.96296296296296 85.4375942640651 90.2268275130116 80.9025731573941
2.98298298298298 85.1475024085072 89.9329869344074 80.6166615114718
3.003003003003 84.8583955208126 89.6401033027337 80.331760284206
3.02302302302302 84.5702702566554 89.3481735015134 80.0478659047527
3.04304304304304 84.2831232830648 89.0571944244188 79.7649748148875
3.06306306306306 83.996951278387 88.7671629752385 79.4830834689608
3.08308308308308 83.7117509322462 88.4780760678446 79.2021883338533
3.1031031031031 83.4275189455066 88.1899306261598 78.922285888932
3.12312312312312 83.144252030234 87.9027235841243 78.6433726260058
3.14314314314314 82.8619469096583 87.6164518856639 78.3654450492817
3.16316316316316 82.5806003181348 87.3311124846568 78.0884996753208
3.18318318318318 82.3002090011073 87.0467023449017 77.8125330329949
3.2032032032032 82.0207697150696 86.763218440085 77.5375416634427
3.22322322322322 81.7422792275286 86.480657753749 77.2635221200268
3.24324324324324 81.4647343169667 86.1990172792596 76.9904709682901
3.26326326326326 81.1881317728045 85.9182940197746 76.718384785913
3.28328328328328 80.9124683953638 85.6384849882111 76.4472601626706
3.3033033033033 80.6377409958301 85.3595872072148 76.1770937003897
3.32332332332332 80.3639463962166 85.0815977091271 75.9078820129062
3.34334334334334 80.0910814293266 84.8045135359546 75.6396217260231
3.36336336336336 79.8191429387171 84.528331739337 75.3723094774677
3.38338338338338 79.5481277786629 84.2530493805158 75.1059419168495
3.4034034034034 79.278032814119 83.9786635303033 74.8405157056187
3.42342342342342 79.0088549206856 83.705171269051 74.5760275170238
3.44344344344344 78.7405909845709 83.4325696866191 74.3124740360701
3.46346346346346 78.473237902556 83.1608558823449 74.0498519594784
3.48348348348348 78.2067925819584 82.8900269650125 73.7881579956431
3.5035035035035 77.9412519405961 82.6200800528216 73.5273888645913
3.52352352352352 77.6766129067527 82.3510122733572 73.2675412979416
3.54354354354354 77.4128724191411 82.0828207635587 73.0086120388633
3.56356356356356 77.1500274268684 81.8155026696896 72.7505978420352
3.58358358358358 76.8880748894008 81.5490551473074 72.4934954736052
3.6036036036036 76.6270117765281 81.2834753612326 72.2373017111498
3.62362362362362 76.3668350683286 81.0187604855194 71.9820133436335
3.64364364364364 76.1075417551346 80.754907703425 71.7276271713688
3.66366366366366 75.8491288374973 80.4919142073799 71.4741400059758
3.68368368368368 75.5915933261519 80.2297771989581 71.2215486703426
3.7037037037037 75.3349322419835 79.9684938888469 70.9698499985852
3.72372372372372 75.0791426159922 79.7080614968179 70.7190408360079
3.74374374374374 74.824221489259 79.4484772516967 70.4691180390638
3.76376376376376 74.5701659129116 79.189738391334 70.2200784753154
3.78378378378378 74.3169729480902 78.9318421625758 69.9719190233952
3.8038038038038 74.0646396659132 78.6747858212343 69.7246365729669
3.82382382382382 73.8131631474441 78.4185666320586 69.4782280246859
3.84384384384384 73.5625404836568 78.1631818687059 69.232690290161
3.86386386386386 73.3127687754027 77.908628813712 68.9880202919153
3.88388388388388 73.0638451333769 77.6549047584627 68.744214963348
3.9039039039039 72.8157666780844 77.402007003165 68.5012712486955
3.92392392392392 72.5685305398076 77.149932856818 68.2591861029934
3.94394394394394 72.3221338585722 76.898679637185 68.0179564920383
3.96396396396396 72.0765737841149 76.648244670764 67.7775793923498
3.98398398398398 71.8318474758499 76.3986252927602 67.5380517911325
4.004004004004 71.5879521028363 76.149818847057 67.2993706862384
4.02402402402402 71.3448848437453 75.9018226861879 67.0615330861289
4.04404404404404 71.1026428868274 75.6546341713085 66.8245360098378
4.06406406406406 70.8612234298802 75.4082506721682 66.5883764869337
4.08408408408408 70.6206236802157 75.1626695670823 66.3530515574826
4.1041041041041 70.3808408546281 74.9178882429042 66.1185582720113
4.12412412412412 70.1418721793616 74.6739040949973 65.8848936914697
4.14414414414414 69.9037148900783 74.4307145272078 65.6520548871946
4.16416416416416 69.6663662318264 74.1883169518365 65.4200389408728
4.18418418418418 69.4298234590079 73.9467087896116 65.1888429445045
4.2042042042042 69.1940838353473 73.7058874696613 64.9584640003667
4.22422422422422 68.9591446338597 73.4658504294861 64.7288992209771
4.24424424424424 68.7250031368193 73.226595114932 64.5001457290578
4.26426426426426 68.491656635728 72.9881189801628 64.2722006574994
4.28428428428428 68.259102431284 72.7504194876336 64.0450611493248
4.3043043043043 68.0273378333507 72.5134941080633 63.8187243576535
4.32432432432432 67.7963601609253 72.2773403204079 63.5931874456661
4.34434434434434 67.5661667421082 72.0419556118338 63.3684475865683
4.36436436436436 67.3367549140719 71.8073374776906 63.1445019635562
4.38438438438438 67.1081220230298 71.5734834214851 62.9213477697802
4.4044044044044 66.8802654242065 71.3403909548543 62.6989822083103
4.42442442442442 66.6531824818059 71.1080575975388 62.4774024921008
4.44444444444444 66.4268705689819 70.8764808773569 62.2566058439557
4.46446446446446 66.2013270678072 70.6456583301779 62.0365894964936
4.48448448448448 65.9765493692436 70.4155874998961 61.8173506921129
4.5045045045045 65.7525348731112 70.1862659384044 61.5988866829577
4.52452452452452 65.5292809880589 69.9576912055686 61.3811947308829
4.54454454454454 65.3067851315342 69.7298608692011 61.1642721074202
4.56456456456456 65.0850447297531 69.5027725050354 60.9481160937437
4.58458458458458 64.8640572176707 69.2764236966998 60.732723980636
4.6046046046046 64.6438200389514 69.050812035692 60.518093068454
4.62462462462462 64.4243306459391 68.8259351213538 60.3042206670951
4.64464464464464 64.2055864996282 68.6017905608447 60.091104095964
4.66466466466466 63.9875850696337 68.3783759691172 59.8787406839383
4.68468468468468 63.7703238341623 68.1556889688913 59.6671277693355
4.7047047047047 63.5538002799831 67.9337271906286 59.4562626998797
4.72472472472472 63.3380119023985 67.712488272508 59.2461428326681
4.74474474474474 63.1229562052153 67.4919698603998 59.0367655341379
4.76476476476476 62.9086307007158 67.2721696078413 58.8281281800336
4.78478478478478 62.695032909629 67.0530851760111 58.6202281553736
4.8048048048048 62.482160361102 66.8347142337049 58.4130628544178
4.82482482482482 62.2700105926711 66.6170544573103 58.2066296806351
4.84484484484484 62.0585811502338 66.4001035307822 58.0009260466703
4.86486486486486 61.8478695880201 66.183859145618 57.7959493743121
4.88488488488488 61.6378734685644 65.9683190008334 57.5916970944606
4.9049049049049 61.4285903626769 65.7534808029376 57.3881666470952
4.92492492492492 61.2200178494161 65.539342265909 57.1853554812425
4.94494494494494 61.0121535160603 65.3259011111707 56.9832610549443
4.96496496496496 60.80499495808 65.1131550675665 56.7818808352257
4.98498498498498 60.5985397791097 64.9011018713368 56.5812122980634
5.00500500500501 60.3927855909208 64.6897392660942 56.381252928354
5.02502502502503 60.1877300133933 64.4790650027997 56.1820002198827
5.04504504504505 59.9833706744888 64.2690768397387 55.9834516752917
5.06506506506507 59.7797052102226 64.0597725424972 55.7856048060487
5.08508508508509 59.5767312646368 63.8511498839378 55.5884571324161
5.10510510510511 59.3744464897728 63.6432066441765 55.3920061834199
5.12512512512513 59.1728485456441 63.4359406105586 55.1962494968182
5.14514514514515 58.9719351002094 63.2293495776353 55.0011846190711
5.16516516516517 58.7717038293453 63.0234313471403 54.8068091053094
5.18518518518519 58.5721524168201 62.8181837279663 54.6131205193041
5.20520520520521 58.3732785542662 62.6136045361419 54.4201164334359
5.22522522522523 58.1750799411537 62.4096915948081 54.2277944286648
5.24524524524525 57.9775542847642 62.2064427341953 54.0361520944999
5.26526526526527 57.7806993001635 62.0038557916001 53.8451870289687
5.28528528528529 57.5845127101758 61.8019286113624 53.6548968385875
5.30530530530531 57.3889922453573 61.6006590448425 53.4652791383313
5.32532532532533 57.1941356439694 61.4000449503978 53.2763315516038
5.34534534534535 56.9999406519533 61.2000841933608 53.0880517102076
5.36536536536537 56.8064050229033 61.0007746460157 52.9004372543146
5.38538538538539 56.6135265180413 60.8021141875761 52.7134858324362
5.40540540540541 56.4213029061903 60.6041007041622 52.5271951013944
5.42542542542543 56.2297319637495 60.4067320887786 52.3415627262918
5.44544544544545 56.0388114746675 60.2100062412917 52.1565863804826
5.46546546546547 55.8485392304175 60.0139210684072 51.9722637455434
5.48548548548549 55.6589130299715 59.8184744836483 51.7885925112443
5.50550550550551 55.4699306797745 59.6236644073331 51.6055703755196
5.52552552552553 55.2815899937198 59.4294887665523 51.4231950444393
5.54554554554555 55.093888793123 59.2359454951478 51.2414642321803
5.56556556556557 54.9068249066973 59.0430325336902 51.0603756609974
5.58558558558559 54.7203961705283 58.850747829457 50.8799270611952
5.60560560560561 54.5346004280486 58.6590893364106 50.7001161710994
5.62562562562563 54.3494355300134 58.468055015177 50.5209407370285
5.64564564564565 54.1648993344752 58.2776428330237 50.3423985132656
5.66566566566567 53.9809897067594 58.0878507638382 50.1644872620301
5.68568568568569 53.7977045194391 57.8986767881062 49.9872047534499
5.70570570570571 53.6150416523111 57.7101188928906 49.8105487655333
5.72572572572573 53.4329989923708 57.5221750718097 49.6345170841412
5.74574574574575 53.2515744337882 57.3348433250159 49.4591075029592
5.76576576576577 53.0707658778833 57.1481216591746 49.2843178234701
5.78578578578579 52.8905712331019 56.9620080874428 49.1101458549265
5.80580580580581 52.7109884149913 56.7765006294481 48.936589414323
5.82582582582583 52.5320153461766 56.5915973112673 48.7636463263689
5.84584584584585 52.3536499563358 56.407296165406 48.5913144234612
5.86586586586587 52.1758901821769 56.2235952307771 48.4195915456572
5.88588588588589 51.9987339674133 56.0404925526802 48.2484755406474
5.90590590590591 51.8221792627403 55.8579861827808 48.0779642637288
5.92592592592593 51.6462240258113 55.6760741790893 47.9080555777777
5.94594594594595 51.4708662212142 55.4947546059409 47.7387473532231
5.96596596596597 51.2961038204479 55.3140255339745 47.5700374680199
5.98598598598599 51.1219348018989 55.1338850401121 47.4019238076223
6.00600600600601 50.9483571508176 54.9543312075389 47.2344042649577
6.02602602602603 50.7753688592955 54.7753621256823 47.0674767403995
6.04604604604605 50.6029679262413 54.5969758901922 46.9011391417415
6.06606606606607 50.4311523573585 54.41917060292 46.7353893841712
6.08608608608609 50.2599201651218 54.2419443718989 46.5702253902442
6.10610610610611 50.0892693687543 54.0652953113237 46.4056450898576
6.12612612612613 49.9191979942045 53.8892215415306 46.2416464202242
6.14614614614615 49.7497040741236 53.7137211889774 46.0782273258471
6.16616616616617 49.5807856478426 53.5387923862232 45.9153857584932
6.18618618618619 49.4124407613499 53.3644332719092 45.7531196771681
6.20620620620621 49.2446674672681 53.1906419907379 45.5914270480903
6.22622622622623 49.0774638248323 53.0174166934544 45.4303058446657
6.24624624624625 48.9108278998668 52.8447555368261 45.2697540474623
6.26626626626627 48.7447577647634 52.672656683623 45.1097696441847
6.28628628628629 48.5792514984587 52.5011183025988 44.9503506296491
6.30630630630631 48.4143071864122 52.3301385684706 44.7914950057581
6.32632632632633 48.2499229205836 52.1597156619002 44.6332007814755
6.34634634634635 48.0860967994116 51.9898477694741 44.4754659728015
6.36636636636637 47.9228269277909 51.8205330836849 44.318288602748
6.38638638638639 47.760111417051 51.6517698029113 44.1616667013133
6.40640640640641 47.5979483849343 51.4835561313996 44.0055983054579
6.42642642642643 47.4363359555738 51.3158902792442 43.8500814590799
6.44644644644645 47.275272259472 51.1487704623685 43.6951142129899
6.46646646646647 47.1147554334789 50.9821949025065 43.5406946248874
6.48648648648649 46.9547836207707 50.816161827183 43.3868207593358
6.50650650650651 46.795354970828 50.6506694696956 43.2334906877384
6.52652652652653 46.6364676394149 50.4857160690951 43.0807024883143
6.54654654654655 46.478119788557 50.3212998701674 42.9284542460741
6.56656656656657 46.3203095865208 50.1574191234147 42.7767440527961
6.58658658658659 46.1630352077919 49.9940720850364 42.6255700070023
6.60660660660661 46.0062948330546 49.8312570169113 42.4749302139345
6.62662662662663 45.8500866491699 49.6689721865784 42.3248227855308
6.64664664664665 45.6944088491556 49.507215867219 42.1752458404016
6.66666666666667 45.5392596321645 49.345986337638 42.026197503806
6.68668668668669 45.3846372034642 49.1852818822458 41.877675907629
6.70670670670671 45.2305397744158 49.0251007910398 41.729679190357
6.72672672672673 45.0769655624537 48.8654413595864 41.5822054970554
6.74674674674675 44.9239127910646 48.7063018890029 41.4352529793448
6.76676676676677 44.7713796897673 48.5476806859392 41.2888197953782
6.78678678678679 44.6193644940919 48.38957606256 41.1429041098175
6.80680680680681 44.4678654455595 48.2319863365266 40.9975040938109
6.82682682682683 44.3168807916619 48.0749098309794 40.8526179249697
6.84684684684685 44.1664087858415 47.9183448745196 40.7082437873457
6.86686686686687 44.0164476874705 47.7622898011918 40.5643798714082
6.88688688688689 43.8669957618316 47.6067429504658 40.4210243740214
6.90690690690691 43.7180512800971 47.4517026672196 40.2781754984219
6.92692692692693 43.5696125193097 47.2971673017211 40.135831454196
6.94694694694695 43.4216777623619 47.1431352096111 39.9939904572576
6.96696696696697 43.2742452979764 46.9896047518855 39.8526507298253
6.98698698698699 43.1273134206865 46.8365742948777 39.7118105004007
7.00700700700701 42.9808804308159 46.6840422102418 39.5714680037457
7.02702702702703 42.8349446344597 46.5320068749346 39.4316214808607
7.04704704704705 42.6895043434641 46.380466671199 39.2922691789624
7.06706706706707 42.5445578754074 46.229419986546 39.1534093514619
7.08708708708709 42.4001035535802 46.0788652137383 39.0150402579429
7.10710710710711 42.2561397069662 45.9288007507727 38.8771601641396
7.12712712712713 42.1126646702228 45.7792250008633 38.7397673419151
7.14714714714715 41.9696767836618 45.6301363724244 38.6028600692401
7.16716716716717 41.8271743932304 45.4815332790537 38.4664366301706
7.18718718718719 41.6851558504918 45.3334141395151 38.330495314827
7.20720720720721 41.5436195126063 45.1857773777223 38.1950344193724
7.22722722722723 41.4025637423121 45.0386214227217 38.0600522459914
7.24724724724725 41.2619869079066 44.8919447086759 37.9255471028686
7.26726726726727 41.1218873832276 44.7457456748468 37.7915173041675
7.28728728728729 40.9822635476339 44.6000227655793 37.6579611700095
7.30730730730731 40.8431137859875 44.4547744302845 37.5248770264527
7.32732732732733 40.7044364886338 44.3099991234232 37.3922632054709
7.34734734734735 40.5662300513841 44.1656953044898 37.2601180449327
7.36736736736737 40.4284928754962 44.0218614379953 37.1284398885808
7.38738738738739 40.2912233676562 43.8784959934516 36.9972270860113
7.40740740740741 40.1544199399602 43.7355974453547 36.8664779926525
7.42742742742743 40.0180810098959 43.5931642731688 36.736190969745
7.44744744744745 39.882205000324 43.4511949613101 36.6063643843205
7.46746746746747 39.7467903394603 43.3096879991305 36.476996609182
7.48748748748749 39.6118354608572 43.1686418809014 36.3480860228828
7.50750750750751 39.4773388033861 43.0280551057983 36.2196310097066
7.52752752752753 39.3432988112187 42.8879261778841 36.0916299596468
7.54754754754755 39.2097139338093 42.7482536060935 35.9640812683869
7.56756756756757 39.0765826258772 42.6090359042174 35.8369833372801
7.58758758758759 38.9439033473881 42.4702715908866 35.7103345733289
7.60760760760761 38.8116745635369 42.3319591895563 35.5841333891659
7.62762762762763 38.6798947447297 42.1940972284903 35.4583782030333
7.64764764764765 38.548562366566 42.0566842407454 35.3330674387633
7.66766766766767 38.4176759098215 41.919718764156 35.2081995257583
7.68768768768769 38.2872338604298 41.7831993413179 35.0837728989712
7.70770770770771 38.1572347094656 41.6471245195736 34.9597859988859
7.72772772772773 38.0276769531269 41.5114928509962 34.8362372714976
7.74774774774775 37.8985590927177 41.3763028923744 34.7131251682935
7.76776776776777 37.7698796346305 41.2415532051969 34.5904481462331
7.78778778778779 37.6416370903292 41.1072423556372 34.4682046677292
7.80780780780781 37.5138299763318 40.9733689145383 34.3463932006283
7.82782782782783 37.3864568141934 40.8399314573976 34.2250122181918
7.84784784784785 37.2595161304887 40.7069285643515 34.1040601990765
7.86786786786787 37.1330064567955 40.5743588201607 33.9835356273155
7.88788788788789 37.0069263296772 40.4422208141947 33.8634369922998
7.90790790790791 36.8812742906663 40.310513140417 33.7437627887585
7.92792792792793 36.7560488862471 40.1792343973701 33.6245115167405
7.94794794794795 36.6312486678394 40.0483831881608 33.5056816815957
7.96796796796797 36.5068721917812 39.917958120445 33.387271793956
7.98798798798799 36.3829180193124 39.7879578064129 33.2692803697167
8.00800800800801 36.259384716558 39.6583808627746 33.1517059300181
8.02802802802803 36.1362708545115 39.529225910745 33.0345470012267
8.04804804804805 36.0135750090184 39.4004915760294 32.9178021149171
8.06806806806807 35.8912957607597 39.2721764888086 32.801469807853
8.08808808808809 35.7694316952357 39.1442792837245 32.6855486219695
8.10810810810811 35.6479814027491 39.0167985998657 32.5700371043544
8.12812812812813 35.5269434783893 38.8897330807526 32.45493380723
8.14814814814815 35.4063165220159 38.7630813743234 32.3402372879355
8.16816816816817 35.2860991382422 38.6368421329196 32.2259461089081
8.18818818818819 35.1662899364197 38.5110140132715 32.1120588376655
8.20820820820821 35.0468875306215 38.3855956764841 31.9985740467879
8.22822822822823 34.9278905396264 38.2605857880225 31.8854903138998
8.24824824824825 34.809297586903 38.1359830176982 31.7728062216529
8.26826826826827 34.6911073005937 38.0117860396548 31.6605203577072
8.28828828828829 34.5733183134988 37.8879935323536 31.5486313147145
8.30830830830831 34.4559292630609 37.7646041785598 31.4371376902999
8.32832832832833 34.3389387913489 37.6416166653283 31.3260380870446
8.34834834834835 34.2223455450424 37.5190296839902 31.2153311124683
8.36836836836837 34.1061481754159 37.3968419301381 31.1050153790119
8.38838838838839 33.9903453383234 37.275052103613 30.9950895040196
8.40840840840841 33.8749356941827 37.1536589084899 30.8855521097224
8.42842842842843 33.7599179079602 37.0326610530643 30.77640182322
8.44844844844845 33.645290649155 36.9120572498383 30.6676372764642
8.46846846846847 33.5310525917838 36.791846215507 30.5592571062414
8.48848848848849 33.4172024143655 36.6720266709451 30.4512599541556
8.50850850850851 33.3037387999059 36.5525973411925 30.3436444666116
8.52852852852853 33.1906604358825 36.4335569554417 30.2364092947976
8.54854854854855 33.0779660142292 36.3149042470235 30.1295530946686
8.56856856856857 32.9656542313214 36.1966379533942 30.0230745269296
8.58858858858859 32.8537237879608 36.0787568161213 29.9169722570186
8.60860860860861 32.7421733893602 35.9612595808712 29.8112449550899
8.62862862862863 32.6310017451287 35.8441449973949 29.7058912959978
8.64864864864865 32.5202075692569 35.7274118195151 29.6009099592793
8.66866866866867 32.4097895801018 35.611058805113 29.4962996291383
8.68868868868869 32.2997465003719 35.495084716115 29.3920589944284
8.70870870870871 32.1900770571127 35.3794883184794 29.2881867486373
8.72872872872873 32.080779981692 35.2642683821836 29.1846815898694
8.74874874874875 31.9718540097847 35.1494236812106 29.0815422208305
8.76876876876877 31.8632978813589 35.0349529935362 28.9787673488108
8.78878878878879 31.7551103406607 34.9208551011161 28.8763556856691
8.80880880880881 31.6472901362002 34.8071287898725 28.7743059478163
8.82882882882883 31.5398360207366 34.6937728496817 28.6726168561998
8.84884884884885 31.4327467512639 34.580786074361 28.5712871362871
8.86886886886887 31.3260210889966 34.4681672616558 28.4703155180499
8.88888888888889 31.2196577993554 34.3559152132267 28.3697007359483
8.90890890890891 31.1136556519529 34.2440287346372 28.2694415289147
8.92892892892893 31.0080134205792 34.1325066353406 28.1695366403383
8.94894894894895 30.9027298831877 34.0213477286674 28.069984818049
8.96896896896897 30.7978038218813 33.9105508318127 27.9707848143022
8.98898898898899 30.6932340228982 33.8001147658237 27.8719353857626
9.00900900900901 30.5890192765975 33.690038355587 27.7734352934889
9.02902902902903 30.4851583774456 33.5803204298162 27.6752833029183
9.04904904904905 30.3816501240021 33.4709598210396 27.5774781838511
9.06906906906907 30.2784933189059 33.3619553655872 27.480018710435
9.08908908908909 30.1756867688616 33.253305903579 27.3829036611498
9.10910910910911 30.0732292846251 33.1450102789124 27.2861318187925
9.12912912912913 29.9711196809906 33.0370673392497 27.1897019704613
9.14914914914915 29.8693567767762 32.929475936006 27.0936129075414
9.16916916916917 29.7679393948106 32.8222349243371 26.9978634256886
9.18918918918919 29.6668663619197 32.7153431631272 26.9024523248154
9.20920920920921 29.5661365089124 32.6087995149766 26.8073784090751
9.22922922922923 29.4657486705676 32.50260284619 26.7126404868475
9.24924924924925 29.3657016856206 32.3967520267639 26.6182373707233
9.26926926926927 29.2659943967495 32.2912459303751 26.5241678774896
9.28928928928929 29.166625650562 32.1860834343684 26.4304308281152
9.30930930930931 29.0675942975819 32.0812634197448 26.3370250477354
9.32932932932933 28.9688991922361 31.9767847711494 26.2439493656376
9.34934934934935 28.8705391928408 31.8726463768597 26.1512026152464
9.36936936936937 28.772513161589 31.7688471287739 26.0587836341094
9.38938938938939 28.6748199645368 31.6653859223986 25.966691263882
9.40940940940941 28.5774584715904 31.5622616568378 25.8749243503134
9.42942942942943 28.4804275564931 31.4594732347805 25.7834817432319
9.44944944944945 28.3837260968124 31.3570195624893 25.6923622965306
9.46946946946947 28.2873529739267 31.2548995497889 25.6015648681528
9.48948948948949 28.1913070730126 31.1531121100543 25.5110883200781
9.50950950950951 28.0955872830319 31.0516561601992 25.4209315183078
9.52952952952953 28.0001924967189 30.9505306206648 25.3310933328506
9.54954954954955 27.9051216105672 30.8497344154079 25.2415726377089
9.56956956956957 27.8103735248175 30.7492664718896 25.1523683108641
9.58958958958959 27.7159471434445 30.6491257210641 25.0634792342631
9.60960960960961 27.6218413741443 30.5493110973671 24.974904293804
9.62962962962963 27.5280551283216 30.4498215387043 24.886642379322
9.64964964964965 27.4345873210775 30.3506559864407 24.7986923845757
9.66966966966967 27.3414368711966 30.2518133853885 24.7110532072334
9.68968968968969 27.2486027011348 30.1532926837966 24.6237237488587
9.70970970970971 27.1560837370064 30.0550928333392 24.5367029148974
9.72972972972973 27.0638789085722 29.9572127891043 24.4499896146633
9.74974974974975 26.9719871492266 29.8596515095829 24.3635827613249
9.76976976976977 26.8804073959857 29.7624079566582 24.2774812718914
9.78978978978979 26.7891385894747 29.6654810955937 24.1916840671994
9.80980980980981 26.6981796739158 29.5688698950232 24.1061900718993
9.82982982982983 26.6075295971161 29.472573326939 24.0209982144418
9.84984984984985 26.517187310455 29.3765903666815 23.9361074270644
9.86986986986987 26.4271517688726 29.280919992928 23.8515166457782
9.88988988988989 26.3374219308571 29.1855611876819 23.7672248103545
9.90990990990991 26.2479967584334 29.090512936262 23.6832308643114
9.92992992992993 26.1588752171504 28.9957742272916 23.5995337549006
9.94994994994995 26.0700562760693 28.9013440526875 23.5161324330942
9.96996996996997 25.9815389077519 28.8072214076499 23.4330258535718
9.98998998998999 25.8933220882485 28.7134052906509 23.350212974707
10.01001001001 25.805404797086 28.6198947034247 23.2676927585546
10.03003003003 25.7177860172562 28.5266886509562 23.1854641708375
10.0500500500501 25.6304647352041 28.4337861414709 23.1035261809337
10.0700700700701 25.543439940816 28.3411861864241 23.0218777618637
10.0900900900901 25.4567106274079 28.2488878004906 22.940517890277
10.1101101101101 25.3702757917139 28.1568900015541 22.85944554644
10.1301301301301 25.2841344338746 28.0651918106967 22.7786597142225
10.1501501501502 25.1982855574254 27.9737922521884 22.6981593810857
10.1701701701702 25.112728169285 27.882690353477 22.6179435380689
10.1901901901902 25.0274612797442 27.7918851451777 22.538011179777
10.2102102102102 24.942483902454 27.7013756610624 22.4583613043684
10.2302302302302 24.8577950544146 27.61116093805 22.3789929135416
10.2502502502503 24.7733937559636 27.5212400161955 22.2999050125234
10.2702702702703 24.6892790307652 27.4316119386806 22.2210966100559
10.2902902902903 24.6054499057985 27.3422757518026 22.1425667183846
10.3103103103103 24.5219054113462 27.2532305049651 22.0643143532456
10.3303303303303 24.4386445809838 27.1644752506672 21.9863385338534
10.3503503503504 24.3556664515681 27.0760090444938 21.9086382828887
10.3703703703704 24.2729700632259 26.9878309451056 21.8312126264861
10.3903903903904 24.1905544593434 26.8999400142287 21.7540605942216
10.4104104104104 24.1084186865547 26.8123353166452 21.677181219101
10.4304304304304 24.026561794731 26.7250159201826 21.6005735375474
10.4504504504505 23.9449828369696 26.6379808957043 21.5242365893891
10.4704704704705 23.8636808695826 26.5512293170997 21.4481694178479
10.4904904904905 23.7826549520866 26.4647602612741 21.3723710695265
10.5105105105105 23.7019041471913 26.3785728081391 21.2968405943974
10.5305305305305 23.6214275207888 26.2926660406028 21.2215770457901
10.5505505505506 23.5412241419431 26.20703904456 21.1465794803798
10.5705705705706 23.4612930828787 26.1216909088822 21.0718469581756
10.5905905905906 23.3816334189705 26.0366207254084 20.9973785425084
10.6106106106106 23.3022442287328 25.9518275889353 20.9231733000192
10.6306306306306 23.2231245938086 25.8673105972072 20.8492303006478
10.6506506506507 23.1442735989591 25.783068850907 20.7755486176205
10.6706706706707 23.0656903320531 25.6991014536465 20.7021273274392
10.6906906906907 22.9873738840564 25.6154075119565 20.6289655098693
10.7107107107107 22.9093233490212 25.5319861352777 20.5560622479282
10.7307307307307 22.8315378240759 25.4488364359511 20.4834166278742
10.7507507507508 22.7540164094144 25.3659575292083 20.4110277391945
10.7707707707708 22.6767582082858 25.2833485331627 20.3388946745944
10.7907907907908 22.5997623269839 25.2010085687994 20.2670165299853
10.8108108108108 22.523027874837 25.1189367599663 20.1953924044739
10.8308308308308 22.4465539641976 25.0371322333647 20.1240214003505
10.8508508508509 22.3703397104321 24.9555941185398 20.052902623078
10.8708708708709 22.2943842319106 24.8743215478717 19.9820351812807
10.8908908908909 22.2186866499964 24.7933136565662 19.911418186733
10.9109109109109 22.1432460890364 24.7125695826453 19.8410507543481
10.9309309309309 22.0680616763504 24.6320884669382 19.7709320021674
10.950950950951 21.9931325422216 24.5518694530722 19.7010610513491
10.970970970971 21.9184578198859 24.4719116874634 19.6314370261571
10.990990990991 21.8440366455222 24.3922143193081 19.5620590539503
11.011011011011 21.7698681582426 24.312776500573 19.4929262651716
11.031031031031 21.6959515000821 24.2335973859868 19.4240377933368
11.0510510510511 21.6222858159888 24.1546761330309 19.3553927750239
11.0710710710711 21.5488702538139 24.0760119019306 19.2869903498623
11.0910910910911 21.4757039643023 23.9976038556461 19.218829660522
11.1111111111111 21.402786101082 23.9194511598635 19.1509098527026
11.1311311311311 21.3301158206551 23.8415529829859 19.0832300751232
11.1511511511512 21.2576922823875 23.7639084961249 19.015789479511
11.1711711711712 21.1855146484993 23.6865168730914 18.9485872205913
11.1911911911912 21.1135820840554 23.6093772903869 18.8816224560763
11.2112112112112 21.0418937569555 23.5324889271948 18.8148943466551
11.2312312312312 20.9704488379244 23.4558509653716 18.748402055983
11.2512512512513 20.8992465005028 23.3794625894385 18.6821447506707
11.2712712712713 20.8282859210376 23.3033229865721 18.6161216002743
11.2912912912913 20.7575662786721 23.2274313465963 18.5503317772848
11.3113113113113 20.6870867553368 23.1517868619735 18.4847744571173
11.3313313313313 20.6168465357399 23.0763887277959 18.4194488181015
11.3513513513514 20.5468448073577 23.0012361417772 18.3543540414703
11.3713713713714 20.4770807604253 22.9263283042436 18.2894893113507
11.3913913913914 20.4075535879275 22.851664418126 18.2248538147527
11.4114114114114 20.3382624855888 22.7772436889507 18.1604467415594
11.4314314314314 20.269206651865 22.7030653248316 18.0962672845172
11.4514514514515 20.2003852879329 22.6291285364615 18.0323146392249
11.4714714714715 20.1317975976821 22.5554325371036 17.9685880041245
11.4914914914915 20.0634427877049 22.4819765425834 17.9050865804903
11.5115115115115 19.9953200672878 22.4087597712802 17.8418095724198
11.5315315315315 19.9274286484018 22.3357814441186 17.7787561868228
11.5515515515516 19.8597677456938 22.2630407845607 17.7159256334121
11.5715715715716 19.792336576477 22.1905370185972 17.6533171246935
11.5915915915916 19.7251343607223 22.11826937474 17.5909298759555
11.6116116116116 19.658160321049 22.0462370840129 17.5287631052602
11.6316316316316 19.591413682716 21.9744393799445 17.4668160334328
11.6516516516517 19.5248936736126 21.9028754985593 17.4050878840521
11.6716716716717 19.4585995242497 21.8315446783699 17.343577883441
11.6916916916917 19.392530467751 21.7604461603688 17.2822852606564
11.7117117117117 19.3266857398439 21.6895791880204 17.2212092474799
11.7317317317317 19.2610645788509 21.6189430072529 17.1603490784079
11.7517517517518 19.1956662256807 21.5485368664501 17.0997039906421
11.7717717717718 19.1304899238191 21.478360016444 17.03927322408
11.7917917917918 19.065534919321 21.4084117105059 16.9790560213053
11.8118118118118 19.0008004608009 21.3386912043394 16.9190516275784
11.8318318318318 18.9362857994245 21.2691977560716 16.8592592908269
11.8518518518519 18.8719901889003 21.199930626246 16.7996782616365
11.8718718718719 18.8079128854705 21.1308890778143 16.7403077932411
11.8918918918919 18.7440531479028 21.0620723761282 16.6811471415137
11.9119119119119 18.6804102374816 20.9934797889322 16.6221955649573
11.9319319319319 18.6169834179995 20.9251105863554 16.563452324695
11.951951951952 18.5537719557488 20.856964040904 16.5049166844615
11.971971971972 18.4907751195129 20.7890394274533 16.4465879105932
11.991991991992 18.4279921805582 20.7213360232401 16.3884652720193
12.012012012012 18.3654224126251 20.6538531078551 16.3305480402528
12.032032032032 18.3030650919201 20.586589963235 16.272835489381
12.0520520520521 18.2409194971074 20.5195458736552 16.2153268960568
12.0720720720721 18.1789849093 20.4527201257218 16.1580215394892
12.0920920920921 18.1172606120522 20.3861120083644 16.1009187014347
12.1121121121121 18.0557458913505 20.3197208128282 16.0440176661878
12.1321321321321 17.9944400356061 20.2535458326666 15.9873177205727
12.1521521521522 17.9333423356461 20.1875863637338 15.9308181539338
12.1721721721722 17.8724520847054 20.1218417041769 15.8745182581268
12.1921921921922 17.811768578419 20.056311154429 15.8184173275102
12.2122122122122 17.7512911148131 19.9909940172013 15.7625146589363
12.2322322322322 17.6910189942976 19.925889597476 15.7068095517422
12.2522522522523 17.6309515196575 19.8609972024987 15.6513013077412
12.2722722722723 17.5710879960454 19.796316141771 15.5959892312141
12.2922922922923 17.511427730973 19.7318457270433 15.5408726289003
12.3123123123123 17.4519700343032 19.6675852723074 15.4859508099891
12.3323323323323 17.3927142182424 19.6035340937892 15.4312230861114
12.3523523523524 17.3336595973321 19.5396915099416 15.3766887713306
12.3723723723724 17.2748054884411 19.4760568414368 15.3223471821342
12.3923923923924 17.216151210758 19.4126294111596 15.2681976374255
12.4124124124124 17.1576960857827 19.3494085441998 15.2142394585145
12.4324324324324 17.099439437319 19.2863935678453 15.16047196911
12.4524524524525 17.0413805914667 19.2235838115747 15.1068944953106
12.4724724724725 16.9835188766136 19.1609786070503 15.0535063655965
12.4924924924925 16.9258536234278 19.098577288111 15.0003069108213
12.5125125125125 16.8683841648503 19.0363791907652 14.947295464203
12.5325325325325 16.8111098360868 18.9743836531837 14.8944713613164
12.5525525525526 16.7540299746003 18.9125900156926 14.8418339400842
12.5725725725726 16.6971439201032 18.8509976207665 14.7893825407689
12.5925925925926 16.6404510145501 18.7896058130211 14.7371165059645
12.6126126126126 16.5839506021296 18.7284139392068 14.6850351805885
12.6326326326326 16.5276420292573 18.6674213482012 14.6331379118732
12.6526526526527 16.4715246445678 18.6066273910024 14.5814240493579
12.6726726726727 16.4155977989073 18.5460314207224 14.5298929448808
12.6926926926927 16.3598608453262 18.4856327925794 14.4785439525705
12.7127127127127 16.3043131390715 18.4254308638919 14.4273764288381
12.7327327327327 16.2489540375794 18.3654249940712 14.3763897323695
12.7527527527528 16.1937829004677 18.3056145446149 14.3255832241166
12.7727727727728 16.1387990895287 18.2459988790999 14.2749562672899
12.7927927927928 16.0840019687216 18.1865773631758 14.2245082273505
12.8128128128128 16.0293909041652 18.1273493645581 14.1742384720016
12.8328328328328 15.9749652641304 18.0683142530213 14.1241463711812
12.8528528528529 15.9207244190333 18.0094714003925 14.0742312970541
12.8728728728729 15.8666677414276 17.9508201805446 14.0244926240034
12.8928928928929 15.8127946059972 17.8923599693894 13.9749297286236
12.9129129129129 15.7591043895495 17.8340901448714 13.9255419897122
12.9329329329329 15.7055964710077 17.7760100869608 13.876328788262
12.952952952953 15.6522702314037 17.718119177647 13.8272895074533
12.972972972973 15.5991250538711 17.6604168009322 13.7784235326464
12.992992992993 15.546160323638 17.6029023428246 13.7297302513738
13.013013013013 15.49337542802 17.5455751913321 13.6812090533322
13.033033033033 15.4407697564128 17.4884347364555 13.6328593303755
13.0530530530531 15.3883427002853 17.4314803701823 13.5846804765066
13.0730730730731 15.3360936531727 17.3747114864801 13.5366718878698
13.0930930930931 15.2840220106695 17.3181274812902 13.4888329627439
13.1131131131131 15.232127170422 17.261727752521 13.4411631015339
13.1331331331331 15.180408532122 17.2055117000417 13.3936617067637
13.1531531531532 15.1288654974996 17.1494787256761 13.346328183069
13.1731731731732 15.0774974703161 17.0936282331961 13.2991619371894
13.1931931931932 15.0263038563571 17.0379596283151 13.2521623779609
13.2132132132132 14.9752840634262 16.9824723186821 13.2053289163089
13.2332332332332 14.9244375013374 16.9271657138751 13.1586609652406
13.2532532532533 14.8737635819087 16.872039225395 13.1121579398376
13.2732732732733 14.8232617189552 16.8170922666591 13.0658192572486
13.2932932932933 14.7729313282822 16.7623242529953 13.0196443366822
13.3133133133133 14.7227718276787 16.7077346016354 12.9736325993994
13.3333333333333 14.6727826369105 16.653322731709 12.9277834687065
13.3533533533534 14.6229631777133 16.5990880642376 12.8820963699479
13.3733733733734 14.5733128737866 16.5450300221281 12.8365707304989
13.3933933933934 14.5238311507864 16.4911480301671 12.7912059797583
13.4134134134134 14.4745174363187 16.4374415150141 12.7460015491416
13.4334334334334 14.4253711599333 16.3839099051961 12.7009568720737
13.4534534534535 14.3763917531167 16.330552631101 12.6560713839815
13.4734734734735 14.3275786492856 16.2773691249719 12.6113445222874
13.4934934934935 14.2789312837807 16.2243588209008 12.566775726402
13.5135135135135 14.2304490938598 16.1715211548228 12.5223644377167
13.5335335335335 14.1821315186915 16.1188555645097 12.4781100995975
13.5535535535536 14.1339779993484 16.0663614895648 12.4340121573771
13.5735735735736 14.0859879788011 16.014038371416 12.3900700583487
13.5935935935936 14.0381609019114 15.9618856533104 12.3462832517587
13.6136136136136 13.9904962154261 15.9099027803084 12.3026511887999
13.6336336336336 13.9429933679704 15.8580891992775 12.2591733226045
13.6536536536537 13.8956518100416 15.8064443588868 12.2158491082375
13.6736736736737 13.848470994003 15.7549677096006 12.1726780026896
13.6936936936937 13.8014503740769 15.7036587036732 12.1296594648706
13.7137137137137 13.7545894063391 15.6525167951424 12.0867929556023
13.7337337337337 13.707887548712 15.6015414398244 12.0440779376123
13.7537537537538 13.6613442609586 15.5507320953073 12.0015138755266
13.7737737737738 13.6149590046764 15.5000882209458 11.9591002358636
13.7937937937938 13.5687312432907 15.4496092778554 11.9168364870267
13.8138138138138 13.5226604420487 15.3992947289064 11.8747220992981
13.8338338338338 13.4767460680134 15.3491440387185 11.832756544832
13.8538538538539 13.4309875900574 15.299156673655 11.7909392976482
13.8738738738739 13.3853844788563 15.2493321018169 11.7492698336251
13.8938938938939 13.3399362068834 15.1996697930377 11.7077476304934
13.9139139139139 13.2946422484028 15.1501692188771 11.6663721678296
13.9339339339339 13.2495020794639 15.1008298526162 11.6251429270494
13.953953953954 13.2045151778949 15.0516511692511 11.584059391401
13.973973973974 13.1596810232971 15.002632645488 11.5431210459591
13.993993993994 13.1149990970387 14.9537737597369 11.5023273776179
14.014014014014 13.070468882249 14.9050739921069 11.4616778750851
14.034034034034 13.0260898638119 14.8565328243999 11.4211720288753
14.0540540540541 12.9818615283607 14.8081497401056 11.3808093313034
14.0740740740741 12.9377833642715 14.7599242243956 11.3405892764788
14.0940940940941 12.8938548616577 14.7118557641184 11.3005113602986
14.1141141141141 12.8500755123639 14.6639438477934 11.2605750804413
14.1341341341341 12.80644480996 14.616187965606 11.2207799363608
14.1541541541542 12.7629622497355 14.5685876094017 11.1811254292799
14.1741741741742 12.7196273286936 14.521142272681 11.1416110621839
14.1941941941942 12.6764395455454 14.473851450594 11.1022363398149
14.2142142142142 12.6333984007038 14.4267146399346 11.0630007686649
14.2342342342342 12.5905033962783 14.3797313391359 11.0239038569702
14.2542542542543 12.5477540360687 14.3329010482642 10.9849451147049
14.2742742742743 12.5051498255598 14.286223269014 10.946124053575
14.2942942942943 12.4626902719151 14.2396975047026 10.907440187012
14.3143143143143 12.4203748839719 14.1933232602649 10.8688930301669
14.3343343343343 12.3782031722348 14.1471000422479 10.8304820999044
14.3543543543544 12.3361746488706 14.1010273588059 10.7922069147963
14.3743743743744 12.2942888277025 14.0551047196948 10.7540669951161
14.3943943943944 12.2525452242044 14.009331636267 10.7160618628325
14.4144144144144 12.2109433554953 13.9637076214664 10.6781910416035
14.4344344344344 12.1694827403338 13.9182321898232 10.6404540567707
14.4544544544545 12.1281628991124 13.8729048574484 10.602850435353
14.4744744744745 12.0869833538523 13.827725142029 10.5653797060408
14.4944944944945 12.0459436281974 13.7826925628227 10.5280413991903
14.5145145145145 12.0050432474089 13.7378066406529 10.4908350468172
14.5345345345345 11.9642817383603 13.6930668979033 10.4537601825913
14.5545545545546 11.923658629531 13.6484728585133 10.4168163418303
14.5745745745746 11.8831734510019 13.6040240479727 10.3800030614941
14.5945945945946 11.8428257344491 13.5597199933164 10.3433198801791
14.6146146146146 11.8026150131391 13.5155602231197 10.306766338112
14.6346346346346 11.7625408219228 13.4715442674934 10.2703419771447
14.6546546546547 11.7226026972308 13.4276716580781 10.2340463407481
14.6746746746747 11.6828001770674 13.3839419280403 10.1978789740064
14.6946946946947 11.6431328010057 13.3403546120663 10.1618394236117
14.7147147147147 11.6036001101821 13.2969092463581 10.1259272378577
14.7347347347347 11.5642016472911 13.253605368628 10.0901419666348
14.7547547547548 11.5249369565796 13.2104425180939 10.054483161424
14.7747747747748 11.4858055838424 13.1674202354743 10.0189503752914
14.7947947947948 11.4468070764161 13.1245380629834 9.98354316288247
14.8148148148148 11.4079409831744 13.0817955443264 9.94826108041666
14.8348348348348 11.3692068545229 13.0391922246943 9.91310368568173
14.8548548548549 11.3306042423934 12.9967276507594 9.87807053802822
14.8748748748749 11.2921327002394 12.9544013706704 9.84316119836396
14.8948948948949 11.2537917830304 12.9122129340474 9.80837522914852
14.9149149149149 11.2155810472469 12.8701618919773 9.77371219438777
14.9349349349349 11.1775000508754 12.828247797009 9.73917165962837
14.954954954955 11.1395483534033 12.7864702031486 9.70475319195235
14.974974974975 11.1017255158135 12.7448286658546 9.67045635997171
14.994994994995 11.0640311005796 12.7033227420334 9.63628073382296
15.015015015015 11.0264646716607 12.6619519900342 9.60222588516176
15.035035035035 10.9890257944967 12.6207159696447 9.56829138715756
15.0550550550551 10.9517140360026 12.579614242086 9.53447681448823
15.0750750750751 10.9145289645641 12.5386463700085 9.50078174333475
15.0950950950951 10.8774701500323 12.4978119174867 9.46720575137588
15.1151151151151 10.840537163719 12.4571104500147 9.43374841778285
15.1351351351351 10.8037295783913 12.4165415345019 9.40040932321416
15.1551551551552 10.7670469682671 12.3761047392678 9.36718804981022
15.1751751751752 10.7304889090098 12.3357996340381 9.33408418118822
15.1951951951952 10.6940549777238 12.2956257899396 9.3010973024368
15.2152152152152 10.6577447529493 12.2555827794958 9.26822700011094
15.2352352352352 10.6215578146573 12.2156701766223 9.23547286222676
15.2552552552553 10.5854937442454 12.1758875566226 9.20283447825629
15.2752752752753 10.549552124532 12.1362344961828 9.17031143912242
15.2952952952953 10.5137325397524 12.0967105733682 9.13790333719371
15.3153153153153 10.4780345755533 12.0573153676177 9.10560976627931
15.3353353353353 10.4424578189884 12.0180484597402 9.07343032162385
15.3553553553554 10.4070018585135 11.9789094319096 9.04136459990237
15.3753753753754 10.3716662839818 11.9398978676604 9.00941219921528
15.3953953953954 10.3364506866389 11.9010133518838 8.97757271908331
15.4154154154154 10.3013546591185 11.8622554708224 8.9458457604425
15.4354354354354 10.2663777954373 11.8236238120666 8.91423092563917
15.4554554554555 10.2315196909905 11.7851179645499 8.88272781842499
15.4754754754755 10.1967799425472 11.7467375185443 8.85133604395194
15.4954954954955 10.1621581482455 11.7084820656562 8.82005520876746
15.5155155155155 10.1276539075878 11.6703511988223 8.78888492080939
15.5355355355355 10.0932668214367 11.6323445123046 8.75782478940119
15.5555555555556 10.0589964920098 11.5944616016866 8.72687442524695
15.5755755755756 10.0248425228754 11.5567020638689 8.69603344042654
15.5955955955956 9.99080451894766 11.519065497065 8.66530144839075
15.6156156156156 9.95688208648239 11.4815515007965 8.63467806395646
15.6356356356356 9.92307483307225 11.4441596758897 8.60416290330178
15.6556556556557 9.88938236764224 11.4068896244704 8.57375558396126
15.6756756756757 9.85580430044523 11.3697409499607 8.5434557248211
15.6956956956957 9.82234024305739 11.3327132570737 8.51326294611435
15.7157157157157 9.78898980837377 11.2958061518102 8.48317686941618
15.7357357357357 9.75575261060377 11.259019241454 8.45319711763911
15.7557557557558 9.72262826526668 11.2223521345678 8.42332331502831
15.7757757757758 9.68961638918724 11.1858044409891 8.39355508715687
15.7957957957958 9.65671660049124 11.1493757718262 8.36389206092111
15.8158158158158 9.62392851860102 11.1130657394536 8.33433386453591
15.8358358358358 9.59125176423119 11.0768739575085 8.30488012753005
15.8558558558559 9.5586859593841 11.0408000408862 8.27553048074156
15.8758758758759 9.52623072734558 11.0048436057362 8.2462845563131
15.8958958958959 9.49388569268056 10.9690042694579 8.21714198768736
15.9159159159159 9.46165048122865 10.9332816506971 8.18810240960241
15.9359359359359 9.42952472009994 10.8976753693411 8.15916545808722
15.955955955956 9.39750803767057 10.8621850465155 8.13033077045701
15.975975975976 9.36560006357849 10.8268103045795 8.10159798530874
15.995995995996 9.33380042871916 10.7915507671224 8.07296674251657
16.016016016016 9.30210876524131 10.756406058959 8.04443668322737
16.036036036036 9.27052470654264 10.7213758061264 8.01600744985621
16.0560560560561 9.23904788726559 10.6864596358793 7.98767868608185
16.0760760760761 9.20767794329314 10.6516571766862 7.95945003684232
16.0960960960961 9.17641451174457 10.616968058226 7.93132114833042
16.1161161161161 9.14525723097128 10.5823919113832 7.90329166798935
16.1361361361361 9.1142057405526 10.5479283682445 7.87536124450822
16.1561561561562 9.0832596812916 10.513577062095 7.84752952781771
16.1761761761762 9.05241869521097 10.4793376274138 7.81979616908563
16.1961961961962 9.02168242554889 10.4452096998705 7.79216082071259
16.2162162162162 8.99105051675483 10.4111929163211 7.76462313632761
16.2362362362362 8.9605226144855 10.3772869148046 7.7371827707838
16.2562562562563 8.93009836560075 10.3434913345383 7.70983938015403
16.2762762762763 8.89977741815946 10.3098058159148 7.68259262172661
16.2962962962963 8.86955942141547 10.2762300004977 7.655442154001
16.3163163163163 8.83944402581355 10.242763531018 7.62838763668355
16.3363363363363 8.80943088298531 10.2094060513701 7.60142873068319
16.3563563563564 8.77951964574524 10.1761572066082 7.57456509810722
16.3763763763764 8.74970996808661 10.1430166429424 7.54779640225706
16.3963963963964 8.72000150517753 10.109984007735 7.52112230762404
16.4164164164164 8.69039391335693 10.0770589494969 7.49454247988516
16.4364364364364 8.66088685013061 10.0442411178833 7.46805658589895
16.4564564564565 8.63147997416726 10.0115301636907 7.44166429370125
16.4764764764765 8.60217294529449 9.9789257388528 7.4153652725011
16.4964964964965 8.57296542449496 9.94642749643671 7.38915919267653
16.5165165165165 8.54385707390237 9.91403509063949 7.36304572577048
16.5365365365365 8.51484755679766 9.88174817678434 7.33702454448666
16.5565565565566 8.48593653760499 9.84956641131699 7.31109532268546
16.5765765765766 8.45712368188797 9.81748945180198 7.28525773537983
16.5965965965966 8.42840865634572 9.78551695691911 7.25951145873127
16.6166166166166 8.39979112880905 9.7536485864597 7.23385617004572
16.6366366366366 8.37127076823659 9.72188400132304 7.2082915477695
16.6566566566567 8.34284724471099 9.69022286351279 7.18281727148534
16.6766766766767 8.3145202294351 9.65866483613332 7.15743302190834
16.6966966966967 8.28628939472812 9.62720958338619 7.13213848088192
16.7167167167167 8.2581544140219 9.59585677056654 7.10693333137391
16.7367367367367 8.23011496185705 9.56460606405955 7.08181725747253
16.7567567567568 8.20217071387928 9.53345713133686 7.05678994438243
16.7767767767768 8.17432134683557 9.50240964095307 7.03185107842076
16.7967967967968 8.14656653857048 9.47146326254218 7.00700034701324
16.8168168168168 8.1189059680224 9.4406176668141 6.98223743869023
16.8368368368368 8.09133931521984 9.40987252555112 6.95756204308282
16.8568568568569 8.06386626127774 9.37922751160446 6.93297385091896
16.8768768768769 8.03648648839375 9.34868229889072 6.90847255401959
16.8968968968969 8.0091996798446 9.3182365623885 6.88405784529474
16.9169169169169 7.98200551998239 9.28788997813485 6.85972941873971
16.9369369369369 7.95490369423098 9.25764222322189 6.83548696943124
16.956956956957 7.92789388908231 9.22749297579335 6.81133019352365
16.976976976977 7.90097579209281 9.19744191504113 6.78725878824508
16.996996996997 7.87414909187977 9.16748872120193 6.76327245189367
17.017017017017 7.84741347811772 9.13763307555377 6.73937088383378
17.037037037037 7.82076864153488 9.10787466041271 6.71555378449222
17.0570570570571 7.79421427390956 9.07821315912935 6.6918208553545
17.0770770770771 7.76775006806657 9.04864825608557 6.66817179896109
17.0970970970971 7.74137571787372 9.01917963669107 6.64460631890368
17.1171171171171 7.71509091823824 8.98980698738011 6.62112411982149
17.1371371371371 7.68889536510326 8.96052999560811 6.59772490739754
17.1571571571572 7.66278875544429 8.93134834984837 6.57440838835498
17.1771771771772 7.63677078726574 8.90226173958873 6.5511742704534
17.1971971971972 7.61084115959738 8.87326985532826 6.52802226248519
17.2172172172172 7.58499957249089 8.84437238857399 6.50495207427185
17.2372372372372 7.5592457270164 8.8155690318376 6.4819634166604
17.2572572572573 7.53357932525899 8.78685947863219 6.45905600151972
17.2772772772773 7.50800007031529 8.75824342346896 6.43622954173697
17.2972972972973 7.48250766629003 8.72972056185403 6.41348375121394
17.3173173173173 7.45710181829259 8.70129059028511 6.39081834486354
17.3373373373373 7.43178223243363 8.67295320624838 6.36823303860616
17.3573573573574 7.40654861582165 8.64470810821516 6.34572754936613
17.3773773773774 7.38140067655966 8.6165549956388 6.32330159506818
17.3973973973974 7.35633812374175 8.58849356895139 6.30095489463392
17.4174174174174 7.33136066744971 8.56052352956067 6.27868716797828
17.4374374374374 7.30646801874976 8.53264457984675 6.25649813600602
17.4574574574575 7.28165988968913 8.50485642315905 6.23438752060822
17.4774774774775 7.25693599329274 8.47715876381304 6.21235504465883
17.4974974974975 7.23229604355993 8.44955130708716 6.19040043201114
17.5175175175175 7.2077397554611 8.42203375921969 6.16852340749436
17.5375375375375 7.18326684493441 8.39460582740554 6.14672369691018
17.5575575575576 7.15887702888255 8.36726721979327 6.12500102702929
17.5775775775776 7.1345700251694 8.34001764548184 6.10335512558797
17.5975975975976 7.11034555261682 8.31285681451763 6.08178572128472
17.6176176176176 7.08620333100134 8.2857844378913 6.0602925437768
17.6376376376376 7.06214308105099 8.2588002275347 6.03887532367688
17.6576576576577 7.038164524442 8.23190389631785 6.01753379254965
17.6776776776777 7.01426738379561 8.20509515804587 5.99626768290844
17.6976976976977 6.9904513826749 8.17837372745589 5.97507672821191
17.7177177177177 6.96671624558151 8.15173932021409 5.95396066286067
17.7377377377377 6.94306169795252 8.12519165291262 5.93291922219397
17.7577577577578 6.91948746615724 8.09873044306661 5.91195214248636
17.7777777777778 6.89599327749408 8.07235540911114 5.89105916094443
17.7977977977978 6.87257886018734 8.04606627039827 5.87024001570347
17.8178178178178 6.84924394338412 8.01986274719404 5.84949444582421
17.8378378378378 6.82598825715115 7.99374456067549 5.82882219128955
17.8578578578579 6.8028115324717 7.96771143292771 5.80822299300129
17.8778778778779 6.77971350124243 7.94176308694087 5.78769659277689
17.8978978978979 6.75669389627032 7.91589924660727 5.76724273334623
17.9179179179179 6.73375245126957 7.8901196367184 5.7468611583484
17.9379379379379 6.71088890085852 7.86442398296204 5.72655161232848
17.957957957958 6.68810298055655 7.83881201191929 5.70631384073431
17.977977977978 6.66539442678109 7.81328345106171 5.68614758991335
17.997997997998 6.6427629768445 7.7878380287484 5.66605260710945
18.018018018018 6.62020836895107 7.76247547422311 5.64602864045972
18.038038038038 6.59773034219399 7.73719551761134 5.62607543899136
18.0580580580581 6.5753286365523 7.7119978899175 5.60619275261851
18.0780780780781 6.55300299288794 7.68688232302205 5.58638033213912
18.0980980980981 6.53075315294268 7.6618485496786 5.56663792923183
18.1181181181181 6.50857885933521 7.63689630351112 5.54696529645285
18.1381381381381 6.4864798555581 7.61202531901108 5.52736218723286
18.1581581581582 6.46445588597485 7.58723533153463 5.50782835587393
18.1781781781782 6.44250669581697 7.56252607729976 5.48836355754642
18.1981981981982 6.42063203118096 7.53789729338355 5.46896754828593
18.2182182182182 6.39883163902546 7.51334871771932 5.44964008499025
18.2382382382382 6.37710526716824 7.48888008909386 5.43038092541627
18.2582582582583 6.35545266428335 7.46449114714464 5.411189828177
18.2782782782783 6.33387357989816 7.44018163235708 5.3920665527385
18.2982982982983 6.3123677643905 7.41595128606171 5.3730108594169
18.3183183183183 6.29093496898575 7.39179985043152 5.35402250937535
18.3383383383383 6.26957494575398 7.36772706847912 5.33510126462109
18.3583583583584 6.24828744760707 7.34373268405408 5.31624688800241
18.3783783783784 6.22707222829585 7.31981644184013 5.2974591432057
18.3983983983984 6.20592904240726 7.29597808735253 5.2787377947525
18.4184184184184 6.1848576453615 7.27221736693529 5.26008260799653
18.4384384384384 6.16385779340923 7.24853402775851 5.24149334912075
18.4584584584585 6.14292924362869 7.22492781781567 5.22296978513445
18.4784784784785 6.12207175392297 7.20139848592096 5.20451168387029
18.4984984984985 6.10128508301713 7.1779457817066 5.18611881398144
18.5185185185185 6.08056899045547 7.15456945562019 5.16779094493864
18.5385385385385 6.05992323659872 7.13126925892204 5.14952784702734
18.5585585585586 6.03934758262127 7.10804494368252 5.13132929134479
18.5785785785786 6.01884179050841 7.08489626277944 5.11319504979721
18.5985985985986 5.99840562305359 7.0618229698954 5.09512489509687
18.6186186186186 5.97803884385564 7.03882481951517 5.07711860075933
18.6386386386386 5.95774121731608 7.01590156692313 5.05917594110051
18.6586586586587 5.93751250863635 6.99305296820056 5.04129669123393
18.6786786786787 5.91735248381513 6.97027878022316 5.02348062706785
18.6986986986987 5.89726090964564 6.94757876065838 5.00572752530247
18.7187187187187 5.87723755371288 6.92495266796289 4.98803716342717
18.7387387387387 5.85728218439102 6.90240026137996 4.97040931971764
18.7587587587588 5.83739457084067 6.87992130093697 4.95284377323319
18.7787787787788 5.81757448300621 6.85751554744279 4.93534030381392
18.7987987987988 5.79782169161317 6.83518276248527 4.91789869207797
18.8188188188188 5.77813596816553 6.81292270842868 4.90051871941881
18.8388388388388 5.75851708494312 6.79073514841121 4.88320016800246
18.8588588588589 5.73896481499894 6.76861984634244 4.86594282076474
18.8788788788789 5.71947893215656 6.74657656690081 4.84874646140863
18.8988988988989 5.70005921100751 6.72460507553113 4.83161087440148
18.9189189189189 5.68070542690868 6.70270513844209 4.81453584497233
18.9389389389389 5.66141735597966 6.68087652260376 4.79752115910925
18.958958958959 5.64219477510025 6.65911899574511 4.78056660355662
18.978978978979 5.62303746190778 6.63743232635156 4.76367196581247
18.998998998999 5.60394519479461 6.61581628366248 4.74683703412581
19.019019019019 5.58491775290553 6.59427063766877 4.73006159749401
19.039039039039 5.56595491613521 6.57279515911041 4.71334544566009
19.0590590590591 5.54705646512567 6.55138961947397 4.69668836911016
19.0790790790791 5.52822218126371 6.53005379099025 4.68009015907074
19.0990990990991 5.50945184667841 6.50878744663181 4.66355060750615
19.1191191191191 5.49074524423863 6.48759036011057 4.64706950711593
19.1391391391391 5.47210215755043 6.46646230587541 4.63064665133223
19.1591591591592 5.45352237095461 6.44540305910973 4.61428183431718
19.1791791791792 5.43500566952425 6.42441239572912 4.59797485096039
19.1991991991992 5.41655183906214 6.40349009237893 4.58172549687632
19.2192192192192 5.39816066609837 6.38263592643189 4.56553356840172
19.2392392392392 5.37983193788783 6.36184967598579 4.54939886259309
19.2592592592593 5.36156544240778 6.34113111986106 4.53332117722417
19.2792792792793 5.34336096835534 6.32048003759846 4.51730031078333
19.2992992992993 5.32521830514511 6.2998962094567 4.50133606247112
19.3193193193193 5.30713724290668 6.27937941641013 4.48542823219771
19.3393393393393 5.28911757248225 6.25892944014639 4.46957662058037
19.3593593593594 5.27115908542416 6.23854606306411 4.45378102894103
19.3793793793794 5.25326157399254 6.21822906827057 4.43804125930374
19.3993993993994 5.23542483115285 6.1979782395794 4.42235711439218
19.4194194194194 5.2176486505735 6.17779336150827 4.40672839762724
19.4394394394394 5.19993282662351 6.15767421927665 4.3911549131245
19.4594594594595 5.18227715437003 6.13762059880343 4.37563646569182
19.4794794794795 5.1646814295761 6.11763228670473 4.36017286082688
19.4994994994995 5.14714544869817 6.09770907029159 4.3447639047147
19.5195195195195 5.12966900888382 6.0778507375677 4.32940940422527
19.5395395395395 5.11225190796938 6.05805707722716 4.31410916691113
19.5595595595596 5.09489394447759 6.03832787865224 4.29886300100488
19.5795795795796 5.07759491761529 6.0186629319111 4.28367071541687
19.5995995995996 5.06035462727109 5.99906202775561 4.26853211973276
19.6196196196196 5.04317287401305 5.97952495761909 4.25344702421113
19.6396396396396 5.02604945908637 5.96005151361407 4.23841523978112
19.6596596596597 5.00898418441108 5.94064148853014 4.22343657804003
19.6796796796797 4.9919768525798 5.92129467583168 4.20851085125101
19.6996996996997 4.97502726685538 5.90201086965573 4.19363787234066
19.7197197197197 4.9581352311687 5.88278986480972 4.1788174548967
19.7397397397397 4.94130055011634 5.86363145676934 4.16404941316565
19.7597597597598 4.92452302895836 5.84453544167638 4.14933356205046
19.7797797797798 4.90780247361603 5.82550161633649 4.13466971710824
19.7997997997998 4.89113869066959 5.80652977821709 4.12005769454792
19.8198198198198 4.874531487356 5.78761972544517 4.10549731122796
19.8398398398398 4.85798067156674 5.76877125680517 4.09098838465403
19.8598598598599 4.84148605184555 5.74998417173681 4.07653073297675
19.8798798798799 4.82504743738624 5.731258270333 4.0621241749894
19.8998998998999 4.8086646380305 5.71259335333764 4.04776853012564
19.9199199199199 4.79233746426563 5.69398922214359 4.03346361845726
19.9399399399399 4.77606572722243 5.67544567879048 4.01920926069194
19.95995995996 4.75984923867298 5.65696252596266 4.00500527817095
19.97997997998 4.74368781102844 5.63853956698706 3.99085149286697
20 4.72758125733692 5.6201766058311 3.97674772738182
