0.01 9.63893125 5.35319375
0.0167653290694657 9.38320014101936 5.59437743626627
0.0222228766932552 9.17093834778141 5.78940473932289
0.0271234615520001 8.97629303018598 5.96435456475696
0.0318288431845818 8.78620827343345 6.13175172374628
0.0365505875977562 8.59271855193068 6.29874610102447
0.0414429713099362 8.38977268103155 6.47029765457223
0.0466528057375304 8.17141782735656 6.65082026693935
0.05229550274276 7.9329616085417 6.84320628189665
0.0579089256471987 7.69443534462353 7.03069041419844
0.0632460291527728 7.4671005802085 7.20473426233417
0.0682231494819761 7.25516160875563 7.36285642657982
0.0728447552623677 7.05884578225013 7.50569815476034
0.0771512919569692 6.87667010092582 7.63506472938345
0.0811919795209997 6.70667024501341 7.752950055385
0.0850131698367629 6.54694715675949 7.86114917574526
0.0886545096924069 6.39585961574999 7.96115214080193
0.0921484990385422 6.25205808128674 8.05415230142614
0.0955213043102628 6.11445729315858 8.14109173684692
0.0987938893248013 5.98219141574814 8.22271200209892
0.101983095430496 5.85456947605903 8.29959893428993
0.105102553009252 5.7310371473387 8.37221879217069
0.108163408703399 5.61114603302482 8.44094619352171
0.111174889560346 5.49452976861246 8.50608526755352
0.114144734642898 5.38088573255594 8.5678855230929
0.117079523383647 5.2699611531552 8.62655372500013
0.119984925286898 5.16154257277385 8.68226280197756
0.122865890431979 5.05544784080874 8.73515856241756
0.125726795670467 4.95151999857041 8.7853647946004
0.128571557713798 4.8496225767485 8.83298717369434
0.13140372144607 4.74963594891543 8.87811628340828
0.13422652963763 4.65145447744542 8.92082997625317
0.137042978630314 4.55498425734228 8.96119523554679
0.139855863383141 4.46014131435646 8.99926965840932
0.142667814400633 4.36685015103325 9.0351026473687
0.145481328431709 4.27504256155859 9.06873637537093
0.148298794362983 4.184656656167 9.10020657246064
0.151122515390031 4.09563605045213 9.12954317036507
0.153954728300232 4.00792918563853 9.15677083239423
0.156797620516559 3.92148875379441 9.18190938955231
0.159653345415682 3.83627120785477 9.20497419889183
0.162524036333126 3.75223634073292 9.22597643647284
0.165411819593975 3.66934692112278 9.24492333448658
0.168318826853116 3.58756837611908 9.26181836993046
0.17124720698963 3.50686851271565 9.27666141050915
0.174199137772272 3.4272172717307 9.28944882206045
0.177176837494833 3.34858650886359 9.30017354067255
0.180182576769794 3.27094979848733 9.30882511170169
0.183218690665189 3.19428225648521 9.31538969706281
0.186287591372354 3.1185603789902 9.31985005140651
0.189391781601078 3.04376189431396 9.32218546707869
0.192533868913838 2.96986562568234 9.32237168705132
0.19571658123269 2.89685136264093 9.32038078428392
0.198942783782053 2.82469973917146 9.31618100519441
0.202215497769226 2.75339211667275 9.30973657405073
0.205537921154056 2.68291047001398 9.30100745410218
0.208913451922031 2.61323727486252 9.28994906010517
0.212345714354784 2.54435539442117 9.27651191550182
0.215838588892936 2.47624796357254 9.26064124580911
0.219396246314523 2.40889826821098 9.24227649766991
0.223023187116146 2.34228961722607 9.22135077037873
0.226724287194551 2.27640520416216 9.19779014334654
0.230504851199024 2.21122795497826 9.17151287867518
0.23437067528081 2.1467403575215 9.14242847244131
0.238328121434778 2.08292426723099 9.11043652098575
0.242384206252733 2.01976068210286 9.07542535881203
0.246536953146714 1.9573733163888 9.03736245017256
0.250778088383898 1.89596534584938 8.99629181865577
0.255104012143318 1.83565248937598 8.95223488303811
0.259514135705104 1.7764976431128 8.90519607357661
0.264009827019914 1.71853222828613 8.85516723232106
0.268593753255065 1.66176916943048 8.80213089012052
0.273269477067469 1.60621070874165 8.74606263110154
0.278041213211834 1.5518530750381 8.68693276595459
0.282913685928478 1.49868925273861 8.62470750452749
0.28789204964004 1.44671060983665 8.55934977727664
0.292981849591008 1.39590784378327 8.49081981709042
0.29818900795929 1.34627152128574 8.41907558210637
0.303519826538127 1.29779237738218 8.3440730767775
0.308981000559204 1.2504614725527 8.26576661155472
0.314579640389188 1.20427026668302 8.18410902974588
0.320323299177443 1.15921064480566 8.09905192209456
0.32622000537197 1.11527491528858 8.01054584434184
0.332278299546636 1.07245579265601 7.91854054969613
0.338507275314804 1.0307463721886 7.82298524616045
0.344916624316572 0.990140100470172 7.72382888764908
0.351516685404089 0.95063074429367 7.62102050748558
0.358318498239433 0.912212359314865 7.51450960302517
0.365333861578631 0.874879259251821 7.40424658066135
0.372575396552653 0.838625986097224 7.29018327127862
0.380056615276192 0.803447281634399 7.17227352724619
0.387791995118624 0.769338060465436 7.05047391327524
0.395797058957502 0.736293384735375 6.92474450485573
0.404088461699278 0.704308440749108 6.7950498095213
0.41268408328875 0.673378517715772 6.66135982783
0.42160312832928 0.643498988912617 6.52365127265159
0.4308662322884 0.614665295633056 6.38190896705783
0.440495574052475 0.586872934370329 6.23612744273356
0.450514994299208 0.560117447787855 6.08631276224035
0.460950118751563 0.534394420139017 5.93248458950109
0.471709402858423 0.50995831213869 5.7763916435584
0.48242673608866 0.487533339403503 5.62358245047512
0.492908698967977 0.467286227179031 5.47681938483084
0.503075460504474 0.449103356929034 5.33709048246185
0.512911348900185 0.432763690838715 5.20442170544377
0.522432422183909 0.418026715647918 5.07839198312357
0.531667820735774 0.404669990705121 4.9584186310495
0.540650015017681 0.392501306812703 4.84389979901797
0.549410177600756 0.381359557707374 4.73427742219455
0.557976298571222 0.371111330611098 4.62905929749682
0.56637267889901 0.361646390205298 4.52782168611038
0.574620062854823 0.352873351190152 4.43020360541841
0.58273602735144 0.344715974242224 4.33589833452822
0.590735440114032 0.337110154125954 4.24464469407809
0.598630900632766 0.330001530500396 4.15621916164898
0.606433129784794 0.323343613379869 4.07042915723107
0.614151299311287 0.317096316854326 3.98710750272159
0.621793303794119 0.311224810066072 3.90610792652775
0.629365982243203 0.305698612402096 3.82730144600263
0.636875297486589 0.300490876154886 3.75057346434705
0.644326481117385 0.295577813302369 3.67582143891075
0.651724150733866 0.290938233554585 3.60295300227344
0.659072405064639 0.286553168828659 3.53188444071099
0.666374901500281 0.282405565348109 3.46253945466265
0.673634919631331 0.278480029076575 3.39484814220384
0.680855413633743 0.27476261356632 3.32874615956843
0.688039055734456 0.27124064182135 3.2641740229616
0.695188272509514 0.267902555665074 3.20107652380175
0.702305275391703 0.264737787527516 3.13940223561451
0.709392086472552 0.26173665064821 3.0791030954824
0.716450560456758 0.258890244516808 3.02013404655628
0.723482403450946 0.256190373009024 2.96245273091471
0.730489189131618 0.25362947316836 2.90601922421073
0.737472372730103 0.251200552969239 2.85079580522143
0.744433303188469 0.248897136700426 2.79674675472704
0.751373233774261 0.24671321684824 2.74383817917856
0.758293331389605 0.244643211551334 2.69203785543047
0.765194684768556 0.242681926853542 2.64131509346663
0.772078311723197 0.240824523106668 2.59164061457009
0.778945165572106 0.239066484977254 2.54298644280928
0.78579614086304 0.237403594595201 2.49532580805554
0.792632078483917 0.235831907451259 2.44863305902677
0.799453770241646 0.234347730707721 2.40288358508152
0.806261962976374 0.232947603634471 2.35805374567814
0.813057362268779 0.231628279922567 2.31412080657071
0.819840635789807 0.230386711661196 2.27106288194516
0.826612416335326 0.229220034792354 2.22885888180946
0.833373304582374 0.228125555881692 2.18748846404416
0.840123871598806 0.227100740064603 2.14693199059846
0.846864661133972 0.226143200044157 2.10717048738339
0.853596191714559 0.225250686032623 2.06818560747064
0.860318958566725 0.224421076541283 2.02995959725413
0.867033435383061 0.223652369934452 1.99247526527315
0.873740075950734 0.222942676673373 1.95571595343181
0.880439315655233 0.222290212184034 1.91966551038058
0.887131572872524 0.22169329029037 1.88430826685266
0.893817250260967 0.221150317160692 1.8496290127712
0.900496735963129 0.220659785720817 1.81561297596387
0.907170404726541 0.220220270492341 1.7822458023389
0.913838618951512 0.21983042281879 1.74951353739263
0.920501729673281 0.219488966446269 1.71740260893178
0.927160077485081 0.21919469342858 1.6858998109063
0.933813993408053 0.218946460329805 1.65499228825872
0.940463799713377 0.218743184700013 1.62466752270578
0.947109810701536 0.218583841802101 1.594913319376
0.953752333443149 0.218467461569934 1.56571779423469
0.960391668485481 0.218393125779793 1.53706936223398
0.967028110528368 0.218359965418871 1.50895672613175
0.973661949073017 0.218367158236046 1.4813688659282
0.980293469046877 0.218413926461535 1.45429502887368
0.986922951407552 0.218499534683268 1.42772472000547
0.993550673728524 0.218623287868896 1.40164769317503
1.00017691076928 0.218784529523403 1.37605394253051
1.00680193503226 0.218982639973132 1.35093369442243
1.01342601730902 0.219217034767918 1.32627739970304
1.02004942721762 0.219487163193726 1.30207572639258
1.0266724337335 0.219792506888891 1.27831955268754
1.03329530571583 0.220132578557695 1.25499996028838
1.03991831243109 0.220506920775544 1.2321082280257
1.04654172407599 0.220915104880583 1.20963582576576
1.05316581230138 0.221356729947024 1.18757440857756
1.05979085073901 0.221831421835943 1.16591581114518
1.06641711553294 0.222338832319682 1.14465204241025
1.07304488587716 0.22287863827641 1.12377528043062
1.07967444456142 0.22345054095171 1.10327786744235
1.08630607852677 0.224054265284436 1.08315230511297
1.09294007943264 0.22468955929438 1.06339124997499
1.09957674423725 0.225356193529562 1.04398750902934
1.10621637579304 0.226053960571285 1.02493403550921
1.11285928345895 0.226782674595321 1.00622392479529
1.1195057837315 0.227542170987876 0.987850410474404
1.12615620089631 0.22833230601521 0.969806860533479
1.13281699787034 0.229153726400587 0.952070604688754
1.13951506650423 0.230009865047135 0.934567449330859
1.14626764497868 0.230903349695927 0.917252991247905
1.15308613907591 0.231836317522596 0.90010061404555
1.15997841368387 0.232810614704479 0.883094410651923
1.16695018578075 0.23382792500556 0.866224956403332
1.17400587888821 0.234889853750405 0.849486764466469
1.18114915056643 0.235997983477666 0.832876746633393
1.18838321981445 0.237153911545488 0.816393279631984
1.19571107143781 0.238359276250958 0.800035637866447
1.20313558458209 0.239615775690321 0.783803648537365
1.21065961449172 0.240925182097999 0.767697481944281
1.21828604544603 0.242289353447231 0.751717524041343
1.22601782598888 0.243710243480478 0.735864299065775
1.2338579933486 0.245189910942381 0.720138422657247
1.24180969133585 0.246730528534607 0.704540573547533
1.24987618439264 0.24833439195044 0.689071476563063
1.25806086946661 0.250003929245443 0.673731892522351
1.26636728676711 0.251741710737986 0.658522612339516
1.27479913007825 0.253550459596643 0.643444453698179
1.28336025706999 0.255433063251591 0.62849825930123
1.29205469990536 0.257392585758864 0.613684896092342
1.30088667635579 0.25943228124602 0.599005255082787
1.30986060158618 0.261555608573322 0.584460251561691
1.31898110074335 0.263766247354752 0.570050825555975
1.3282530224679 0.266068115497187 0.555777942459791
1.33768145344525 0.2684653884338 0.541642593785962
1.34727173411374 0.27096252024901 0.527645798011854
1.35702947565416 0.273564266917457 0.513788601504358
1.36696057839569 0.276275711908822 0.500072079516177
1.37707125178587 0.2791022944445 0.486497337250305
1.38736803608871 0.282049840731796 0.473065510992603
1.3978578259939 0.285124598547484 0.459777769314333
1.40854789634169 0.288333275596268 0.446635314347873
1.41944593019379 0.291683082132313 0.433639383139882
1.43056004950955 0.295181778405233 0.420791249086992
1.44189884872018 0.29883772757769 0.408092223459855
1.45347143153262 0.30265995486255 0.395543657022103
1.46528745133911 0.306658213746257 0.383146941751481
1.47735715566013 0.310843060305388 0.370903512671217
1.48969143510809 0.315225936789603 0.358814849800523
1.5023018774286 0.319819265841906 0.346882480234064
1.51520082725688 0.324636556962905 0.335107980361282
1.52840145232155 0.329692527108027 0.323492978237626
1.54191781693803 0.335003237645599 0.312039156121095
1.55576496376453 0.340586250312457 0.300748253189024
1.56995900494562 0.34646080529829 0.28962206845176
1.58451722395024 0.352648025190906 0.278662463881921
1.59945818962478 0.359171149247798 0.267871367780208
1.61480188423761 0.366055803357778 0.257250778401486
1.6305698475961 0.37333031216229 0.246802767867959
1.64678533968261 0.381026061173543 0.236529486400023
1.6634735246958 0.389177918426076 0.226433166899789
1.68066167991444 0.397824727321295 0.216516129927546
1.69837943344559 0.407009884990538 0.206780789117826
1.71665903570354 0.416782023869302 0.197229657089509
1.73553567042665 0.427195818452713 0.187865351913975
1.75504781221954 0.438312944670097 0.178690604217219
1.77523763906678 0.450203226351277 0.169708265006836
1.79615151007407 0.462946012370001 0.160921314333909
1.81784052095203 0.476631839939599 0.152332870924474
1.84036115259034 0.491364455166314 0.14394620294757
1.86377603164353 0.507263282677969 0.135764740129695
1.8876631328529 0.524112908850002 0.127947414510252
1.91166016396424 0.541702104112192 0.120597087632149
1.93553184963545 0.559879830017288 0.11375257983691
1.95913113316461 0.578539572561023 0.107414608551155
1.98237000788745 0.59760658234827 0.10156294870049
2.00519904136783 0.617028296366937 0.096167054552344
2.02759355058618 0.636767461069107 0.0911923200072301
2.04954448504492 0.656797322498088 0.0866036022264842
2.07105250390845 0.677098315200607 0.0823670943296937
2.09212416689561 0.6976558046658 0.0784512314634831
2.11276950300091 0.718458556413892 0.0748270467182295
2.1330004689011 0.739497700354723 0.0714682244770498
2.15282997839661 0.760766030196672 0.0683509956772557
2.17227129690524 0.782257528490944 0.0654539577900799
2.19133766865492 0.80396704325962 0.0627578659520763
2.21004209184127 0.825890066383419 0.0602454204786797
2.22839718761894 0.848022580352374 0.0579010637743959
2.24641512838659 0.870360951044229 0.0557107927168889
2.26410760334044 0.892901851608821 0.0536619887332419
2.28148580725637 0.915642207489572 0.0517432657089046
2.2985604435542 0.938579155915194 0.0499443348127267
2.31534173594717 0.961710015393522 0.0482558848410356
2.33183944505408 0.985032262202991 0.0466694765220489
2.34806288767647 1.00854351185176 0.0451774492302461
2.36405894074723 1.03229858685196 0.0437695693213756
2.3799124905273 1.05641706771162 0.0424336116929501
2.39567616588358 1.08097974727656 0.0411614400303753
2.41138283002813 1.10604318827771 0.0399473600330619
2.42705310666093 1.13164870573572 0.0387871656647978
2.44269998869496 1.15782800134857 0.037677577235103
2.45833169061969 1.18460673674925 0.0366159062933973
2.47395342604484 1.21200681642778 0.0355998539020323
2.48956852038188 1.24004785389409 0.0346273881743305
2.50517910937191 1.26874811714632 0.03369666925768
2.52078657846603 1.29812514068311 0.0328060028630836
2.53639183957983 1.32819612337108 0.0319538110432899
2.55199550560212 1.35897818856448 0.0311386134364678
2.56759800054138 1.39048855554964 0.0303590148913083
2.58319962912375 1.42274465389866 0.0296136970095267
2.59880062083052 1.45576420108839 0.0289014121168691
2.61440115781638 1.48956525651659 0.0282209787617455
2.63000139265886 1.5241662603927 0.0275712781956732
2.64560145969097 1.55958606298014 0.0269512515043565
2.66120148228425 1.59584394773174 0.0263598971881439
2.67680157757572 1.63295965061088 0.0257962690693588
2.69240185958238 1.6709533770856 0.0252594744518585
2.70800244129917 1.70984581776348 0.0247486724873711
2.72360343615783 1.74965816330003 0.0242630727210783
2.73920495908569 1.79041211899793 0.0238019338000433
2.75480712731665 1.83212991937583 0.0233645623351045
2.77041006105148 1.87483434289702 0.0229503119114336
2.78601388402998 1.91854872699179 0.0225585822460657
2.80161872405591 1.96329698347188 0.0221888184929677
2.81722471350184 2.00910361441402 0.021840510697979
2.83283198981241 2.05599372857658 0.0215131934074818
2.84844069601946 2.10399305840663 0.0212064454360631
2.86405098127896 2.15312797769209 0.0209198897998302
2.87966300143809 2.20342551991366 0.020653193823491
2.89527691963947 2.25491339735346 0.0204060694308629
2.91089290696948 2.30762002102104 0.0201782736301756
2.92651114315709 2.36157452146267 0.0199696092074101
2.94213181733033 2.4168067705262 0.0197799256430226
2.95775512883747 2.47334740416163 0.0196091202697665
2.97338128814115 2.5312278463463 0.0194571396919948
2.98901051779398 2.59048033423453 0.0193239814898631
3.0046430535054 2.65113794464303 0.0192096962352994
3.02027914531073 2.71323462199793 0.0191143898505519
3.03591905885438 2.77680520788496 0.0190382263446357
3.05156307680112 2.84188547236296 0.0189814309681811
3.06721150039077 2.90851214722227 0.0189442938331487
3.08286465115385 2.97672296139429 0.0189271740507556
3.09852287280813 3.04655667874709 0.0189305044489225
3.11418653335878 3.11805313853548 0.0189547969397801
3.12985602742787 3.19125329881237 0.0190006486185161
3.14553177884302 3.26619928315377 0.0190687486873636
3.16121424351897 3.34293443110274 0.0191598863131698
3.17690391267117 3.4215033527992 0.0192749595441478
3.19260131640642 3.50195198833626 0.019414985431591
3.20830702774245 3.58432767246911 0.019581111526121
3.22402166711682 3.66867920540458 0.0197746289461837
3.23974590745488 3.75505693052052 0.0199969872498974
3.25548047987865 3.84351282000725 0.0202498113811069
3.27122618015171 3.93410056959545 0.0205349210079815
3.28698387597195 4.02687570374029 0.0208543526294285
3.30275451524377 4.12189569287862 0.0212103848931036
3.31853913548484 4.21922008467486 0.0216055676515881
3.33433887455154 4.31891065153265 0.0220427553837534
3.35015498290181 4.42103155708986 0.0225251457307602
3.36598883765705 4.5256495449528 0.0230563240460568
3.38184195877656 4.63283415358735 0.0236403150432264
3.39771602772273 4.74265796210129 0.0242816428537657
3.41361290907486 4.85519687266675 0.0249854010908073
3.42953467564925 4.9705304365983 0.0257573348701288
3.44548363780831 5.08874223269385 0.0266039371873107
3.46146237779959 5.20992030845833 0.0275325626173495
3.4774737901672 5.33415769739406 0.0285515620277817
3.49352112953664 5.46155302883188 0.029670442929229
3.50960806740876 5.59221125103371 0.0309000612980355
3.525738760036 5.72624449385277 0.0322528522912633
3.54191793003029 5.86377310455672 0.0337431093709064
3.55815096512062 6.00492690016109 0.035387324155533
3.57444403851383 6.14984669273127 0.0372046031030421
3.5908042567251 6.29868616197049 0.039217182306691
3.60723984269882 6.45161417406112 0.0414510688658299
3.62376036478198 6.60881768024176 0.0439368473922994
3.64037702602132 6.77050537770452 0.0467107046503896
3.65710303392813 6.93691238648152 0.0498157463327472
3.67395407924851 7.1083063009139 0.0533037111370579
3.69094896497055 7.28499513255669 0.0572372345572905
3.70811044646981 7.46733790594232 0.0616928882085774
3.72546637502289 7.65575905708334 0.0667653377217613
3.74305128840316 7.8507684211787 0.0725731553604149
3.76090867998034 8.05298967737412 0.0792671532968108
3.77909433354788 8.26320203391573 0.0870426906136976
3.79768140186737 8.48240350174208 0.0961585049622417
3.8167684826484 8.71191114348087 0.106966796888585
3.8364931713722 8.95352863124994 0.119963933502006
3.85705642914061 9.20984622524504 0.135881954747253
3.87877061556015 9.48482949337644 0.155869434432227
3.90216729744934 9.78513517611227 0.181897697710178
3.92726090491296 10.1102750907105 0.216306350277031
3.9522273273036 10.4345702472146 0.259065440956902
3.97580488477144 10.7386654656428 0.309470933611528
3.99732973826793 11.0113459571374 0.366306940888173
4.01660507492476 11.2485299081406 0.428155112211384
4.03372418433846 11.4509486204748 0.493692252923681
4.04892116270578 11.6218461434852 0.561867177019292
4.06247280208234 11.7653341042035 0.631946387989529
4.07464574747281 11.8854584788977 0.703476033090813
4.08561018510165 11.9852274727327 0.77576984356819
4.09547769557055 12.0671024182383 0.847942503604674
4.10440284338675 12.1338278403099 0.919615479466171
4.11253860136288 12.1878764267244 0.990714053451982
4.12001893282541 12.2312863611807 1.06132202932942
4.1269547652435 12.2656711016961 1.13159168450132
4.13343557562748 12.2922873999328 1.20169350383409
4.13953278993778 12.3121116792686 1.27179089364024
4.1453033520541 12.3259067699562 1.34202928770665
4.15079285617377 12.3342748017085 1.41253297940208
4.15603809416894 12.3376972308732 1.48340577908138
4.16106905030973 12.336564450673 1.55473333139792
4.16591043331177 12.3311974775362 1.62658595032711
4.170582842329 12.3218637979891 1.69902140886842
4.17510365179875 12.308788981338 1.77208743703488
4.17948768376926 12.2921652440693 1.8458238480407
4.18374772087862 12.2721578226279 1.92026429486916
4.18789490022321 12.2489097659034 1.99543769588524
4.19193901817103 12.2225455811453 2.07136938053653
4.19588876841503 12.1931740405236 2.14808200656705
4.19975192975847 12.1608903662784 2.22559629516767
4.20353551583348 12.1257779496595 2.30393162360963
4.20724589580048 12.087909714804 2.38310650791369
4.21088889276649 12.0473492076953 2.46313900179835
4.21446986496897 12.0041514684134 2.5440470328176
4.21799377353316 11.9583637292626 2.62584869227244
4.22146523970053 11.9100259700983 2.70856249207726
4.22488859375607 11.8591713539547 2.79220759915093
4.22826791738704 11.8058265599578 2.87680405595154
4.23160708083876 11.7500120258524 2.96237299436229
4.2349097759614 11.6917421088257 3.0489368491654
4.23817954604004 11.6310251703456 3.13651957673422
4.24141981315231 11.5678635882113 3.22514688427637
4.2446339036913 11.5022536967584 3.31484647493575
4.247825072617 11.4341856540205 3.40564831429386
4.25099652695303 11.3636432324972 3.49758492429957
4.2541514490211 11.2906035278906 3.59069171142195
4.25729301990461 11.2150365776193 3.6850073369001
4.2604244436526 11.1369048779474 3.78057413842131
4.26354897277881 11.0561627850017 3.87743861448442
4.26666993568166 10.9727557805442 3.97565198523188
4.26979076671414 10.8866195778278 4.07527084684544
4.27291503977827 10.797679035742 4.17635794095736
4.2760465065188 10.7058468401926 4.27898306629851
4.27918914046469 10.6110218993981 4.38322416751222
4.28234718884263 10.5130873833534 4.48916864646507
4.28552523430469 10.4119083153608 4.59691495559296
4.28872826953403 10.3073285926735 4.70657455248219
4.29196178871059 10.1991672700447 4.81827432249827
4.29523190127657 10.0872138783004 4.93215961569136
4.29854547556487 9.97122246048298 5.04839810149805
4.30191032300819 9.85090387536189 5.16718472971893
4.30533543843595 9.72591571687762 5.28874821510631
4.30883131942412 9.59584888522797 5.4133596633268
4.31241039960848 9.46020934479395 5.54134427688644
4.31608765064056 9.31839277675776 5.67309761024004
4.31988144143448 9.16964841406986 5.80910875481606
4.323814804352 9.01302579854639 5.94999447134227
4.32791737339428 8.84729338306356 6.09655138416023
4.33222849212107 8.67080820010624 6.24983959848635
4.33680249614836 8.48129468434012 6.41132472950575
4.34171839653869 8.27543986045902 6.58313820505792
4.34709955018638 8.04807220511997 6.76860633060687
4.35266910951106 7.81117347916446 6.95707057548815
4.35808305714114 7.58003182193387 7.13624183263908
4.36318502995766 7.36201668151794 7.30092968888899
4.36793899844691 7.15917774057033 7.45033815488469
4.37236725826283 6.97087482118588 7.58568104069347
4.37651297916903 6.7954398136739 7.70879725914979
4.38042205829371 6.63101068979412 7.8215151732638
4.38413587650459 6.47587867121334 7.92542251530991
4.3876892658661 6.32859576118999 8.02182026872724
4.39111065590272 6.18797892664526 8.11174745897696
4.39442297009889 6.05307675658266 8.19602621465317
4.39764466016849 5.92312752174765 8.27530688722718
4.40079064571478 5.79752000551759 8.3501065195317
4.4038730925274 5.67576066887906 8.42083946948248
4.40690202931999 5.55744749151519 8.48784098881386
4.40988582557727 5.44224966831238 8.55138508459009
4.41283155780034 5.32989205547775 8.61169795938755
4.41574528914467 5.22014331918511 8.66896811647968
4.41863228310149 5.11280690902736 8.72335398111188
4.42149716744411 5.00771416211905 8.77498968166352
4.42434406083471 4.90471900594331 8.82398946843052
4.42717667141764 4.80369385962449 8.87045112091915
4.42999837435759 4.70452643534063 8.91445860018068
4.43281227349563 4.60711721869546 8.95608413357274
4.43562125096752 4.51137746425312 8.99538986908479
4.43842800764819 4.41722758476733 9.03242919998663
4.44123509656502 4.32459584371772 9.06724783423586
4.44404495089327 4.23341728355406 9.09988466399648
4.44685990775793 4.14363283877074 9.13037247672898
4.44968222878033 4.05518859523694 9.15873853914426
4.45251411809662 3.96803516629733 9.18500507781492
4.45535773841951 3.88212716290867 9.20918967466124
4.45821522559889 3.79742274012272 9.23130559133954
4.46108870205164 3.71388320602104 9.25136203337649
4.46398028936788 3.63147268208377 9.26936436244143
4.46689212035473 3.55015780617011 9.28531426323124
4.46982635074595 3.46990747097593 9.29920986991594
4.47278517078301 3.39069259214025 9.31104585585264
4.47577081685949 3.31248590118883 9.32081348923992
4.47878558341357 3.23526175929701 9.32850065649608
4.48183183525307 3.15899598847573 9.33409185435318
4.48491202050345 3.08366571727034 9.33756815092715
4.4880286843807 3.00924923843776 9.33890711531721
4.49118448400943 2.93572587635503 9.33808271457637
4.49438220453203 2.86307586212307 9.33506517614614
4.49762477678809 2.79128021447441 9.32982081303348
4.50091529688702 2.72032062467814 9.32231180808742
4.50425704805185 2.65017934366031 9.31249595266742
4.5076535251826 2.58083906952427 9.30032633373066
4.51110846267623 2.51228283355557 9.28575096183789
4.514625866153 2.44449388262391 9.26871233070018
4.51821004888245 2.37745555563284 9.24914689655247
4.52186567388587 2.31115115129885 9.22698446269361
4.52559780292935 2.24556378403237 9.2021474507761
4.52941195392877 2.18067622400312 9.17455003558493
4.533314168692 2.11647071654036 9.14409711373075
4.53731109345747 2.0529287747574 9.11068306835681
4.54141007540291 1.99003093757603 9.07419028085366
4.54560024895389 1.92803277740863 9.03467188839624
4.54987611189188 1.8670854606688 8.99215855856688
4.55423584301709 1.80727319216824 8.94666167032617
4.55868000001068 1.74864003004446 8.89817821441557
4.56321070153319 1.69120628161521 8.84669452724715
4.56783112135177 1.63497841666726 8.79218902438946
4.57254518051386 1.57995501123843 8.73463415221025
4.57735736423623 1.52613028517593 8.67399776127187
4.58227261711708 1.47349619100637 8.61024406780566
4.5872962876328 1.42204363499215 8.54333433020422
4.59243410388048 1.37176318053103 8.47322733362105
4.59769216943379 1.32264544404379 8.39987974933545
4.60307697249316 1.27468130903855 8.32324641602491
4.60859540419795 1.22786203330603 8.24328057622355
4.61425478363969 1.1821792938177 8.15993409169321
4.62006288815791 1.13762519574887 8.07315765504342
4.62602798815113 1.09419226123306 7.98290101080852
4.6321588860456 1.05187340702371 7.8891131966581
4.63846495932487 1.01066191642877 7.79174281400561
4.64495620769093 0.970551408634113 7.6907383366596
4.65164330453768 0.931535807212715 7.58604846610769
4.65853765298968 0.893609308850421 7.47762254238659
4.66565144680696 0.856766352883454 7.36541102017261
4.67299773648528 0.821001592003271 7.24936602066385
4.68059050089407 0.786309864363696 7.12944197097303
4.6884447247906 0.752686167276621 7.00559634408052
4.6965764825261 0.720125632679463 6.87779051388193
4.70500302821317 0.688623504584557 6.74599074147841
4.71374289254576 0.658175118769164 6.6101693105629
4.72281598634427 0.628775885030312 6.47030583150319
4.73224371072421 0.600421272408793 6.3263887354402
4.74204907354076 0.573106797880361 6.17841698130563
4.75225681141959 0.546828019118554 6.02640199997303
4.76289351621625 0.521580532051642 5.87036990059159
4.77365763055559 0.498050169333155 5.71508435253104
4.78427145653136 0.476658899909699 5.56466706436558
4.79460218952711 0.457413408593262 5.42093041731233
4.80460524042458 0.440134134087949 5.2843296035247
4.8142828806995 0.424583803942386 5.15463296983415
4.82365893298828 0.410527775569725 5.03131830348332
4.83276487854099 0.397757272809257 4.91378173023544
4.84163289614637 0.386095007595665 4.80143674682711
4.85029274875859 0.375393461703908 4.69375448470522
4.85877067006766 0.365530710651866 4.59027477032752
4.86708922260875 0.35640590520316 4.49060387194753
4.87526758282606 0.34793521401221 4.3944070218422
4.88332197746875 0.340048449209301 4.30139960827024
4.89126613959299 0.332686360414608 4.21133876628137
4.899111727017 0.32579850192518 4.1240160211093
4.90686868334173 0.319341562963891 4.03925112984408
4.91454553929079 0.313278061069752 3.95688704646562
4.92214965968808 0.307575316140317 3.87678585558523
4.92968744395222 0.302204640092548 3.79882550614059
4.93716448819522 0.297140692086586 3.72289719003731
4.94458571622588 0.292360961249752 3.6489032339686
4.95195548564646 0.287845348102646 3.57675539693206
4.95927767410855 0.283575822908637 3.50637348781331
4.96655574979079 0.279536144433555 3.43768423572459
4.9737928293175 0.275711626535959 3.37062036055993
4.98099172565311 0.27208894294597 3.30511980287534
4.98815498796202 0.268655962789892 3.24112508126359
4.99528493499673 0.26540161107132 3.17858275238997
5.00238368324299 0.262315749569631 3.11744295424086
5.00945317079219 0.259389074568251 3.05765901727978
5.01649517770969 0.256613028554418 2.99918713139724
5.02351134351179 0.253979723595504 2.94198605900857
5.03050318224198 0.251481874535314 2.88601688656839
5.03747209554185 0.249112740497642 2.8312428082653
5.04441938403751 0.24686607345605 2.77762893683229
5.05134625730268 0.244736072845186 2.72514213733442
5.0582538426133 0.242717345362333 2.67375088053014
5.06514319267052 0.240804869247964 2.62342511299056
5.07201529243926 0.238993962447793 2.57413614163363
5.07887106522486 0.237280254151872 2.52585653071296
5.08571137809087 0.235659659282759 2.47856000961251
5.09253704670479 0.234128355568082 2.43222139005361
5.09934883968523 0.232682762885388 2.38681649153099
5.1061474825131 0.231319524611128 2.34232207396852
5.11293366106046 0.230035490742535 2.29871577673021
5.11970802478286 0.228827702592205 2.25597606324317
5.12647118961472 0.227693378881577 2.21408217059096
5.13322374060212 0.226629903081851 2.17301406352165
5.13996623430267 0.225634811870019 2.13275239238777
5.14669920097826 0.224705784584002 2.09327845459687
5.1534231466035 0.223840633574985 2.05457415920483
5.1601385547095 0.223037295367119 2.01662199432877
5.16684588808056 0.222293822545266 1.97940499709561
5.17354559031916 0.221608376300548 1.94290672587602
5.18023808729281 0.220979219571343 1.90711123458222
5.18692378847479 0.220404710724318 1.87200304883356
5.19360308818973 0.21988329772606 1.83756714381568
5.20027636677338 0.219413512761205 1.80378892367813
5.20694399165531 0.218993967257587 1.77065420233207
5.21360631837216 0.218623347283031 1.73814918552444
5.22026369151841 0.218300409282024 1.70626045407785
5.22691644564086 0.218023976123717 1.67497494819664
5.23356490608254 0.217792933435521 1.64427995274992
5.24020938978118 0.21760622619911 1.61416308345094
5.24685020602683 0.217462855587869 1.58461227386032
5.253487657183 0.217361876026849 1.55561576314732
5.26012203937517 0.217302392458065 1.5271620845499
5.26675364315032 0.217283557795597 1.4992400544796
5.27338275411069 0.217304570556371 1.47183876222238
5.28000965352505 0.217364672653839 1.44494756019097
5.28663461892005 0.217463147342876 1.41855605468804
5.29325792465463 0.217599317305345 1.39265409714359
5.29987984247977 0.217772542866674 1.36723177579245
5.30650064208607 0.217982220334679 1.34227940776127
5.31312059164127 0.218227780452662 1.31778753153677
5.31973995832002 0.218508686959508 1.29374689978921
5.32635900882775 0.21882443525017 1.27014847252737
5.3329780099207 0.219174551130521 1.24698341056331
5.33959722892396 0.219558589661111 1.22424306926665
5.34621693424938 0.219976134084844 1.20191899258997
5.35283739591511 0.220426794834096 1.18000290734817
5.35945888606851 0.220910208613168 1.15848671773613
5.36608167951424 0.221426037552412 1.13736250007008
5.37270605424913 0.221973968430717 1.11662249773912
5.37933229200568 0.222553711963381 1.09625911635458
5.38596067880577 0.223165002152726 1.07626491908552
5.39259150552637 0.223807595699126 1.05663262216973
5.39922506847898 0.224481271470375 1.03735509059025
5.40586167000459 0.225185830027636 1.0184253339082
5.4125016190859 0.225921093206427 0.999836502243251
5.41914523197863 0.226686903751391 0.981581882393783
5.42579283286395 0.227483125003812 0.963654894089327
5.43246125151843 0.228311727577656 0.94600583715035
5.43917356736357 0.229175813413863 0.928572310379798
5.44594472014265 0.230077804910191 0.911316929940772
5.45278472063189 0.231019713075744 0.894217297812218
5.45970058611986 0.232003308600249 0.877260057382751
5.4666975210098 0.233030232580803 0.860437332192431
5.47377964271077 0.234102069166853 0.843744578004155
5.48095043059485 0.23522039398401 0.827179282065178
5.48821300515451 0.236386807120751 0.810740173570095
5.49557030264656 0.237602956307138 0.794426743828667
5.50302518528999 0.23887055391879 0.778238954512585
5.5105805117184 0.240191390163666 0.762177060276952
5.51823918295975 0.241567343989533 0.746241500988477
5.52600417340671 0.243000392722522 0.730432836332451
5.53387855265301 0.244492621108159 0.714751706227184
5.54186550185105 0.246046230209241 0.699198806957375
5.54996832687293 0.24766354647724 0.683774876884506
5.5581904697069 0.249347031227753 0.668480687995553
5.56653551899635 0.251099290698128 0.653317041014944
5.57500722030454 0.252923086835196 0.638284762695944
5.58360948648968 0.254821348945632 0.623384704450355
5.59234640845445 0.256797186336203 0.608617741805773
5.60122226646162 0.258853902072982 0.59398477438077
5.610241542166 0.260995007995786 0.579486726190757
5.61940893149023 0.263224241135564 0.565124546171802
5.62872935846225 0.265545581697642 0.550899208855054
5.63820799013006 0.267963272792528 0.536811715152095
5.64785025267341 0.27048184211836 0.522863093228451
5.65766184883981 0.273106125825435 0.509054399452852
5.66764877684362 0.275841294823971 0.495386719416276
5.67781735088105 0.278692883831936 0.481861169018816
5.68817422343086 0.281666823501313 0.468478895625009
5.69872640953057 0.284769476009369 0.455241079289989
5.70948131324075 0.288007674557716 0.442148934060064
5.72044675653688 0.291388767287519 0.429203709352251
5.73163101089831 0.294920666195912 0.416406691418097
5.74304283189945 0.298611901728625 0.403759204897832
5.75469149714857 0.30247168382963 0.391262614471643
5.76658684796641 0.306509970353324 0.378918326615541
5.77873933525095 0.310737543892331 0.366727791470159
5.79116007003732 0.315166098249016 0.354692504831622
5.80386087933502 0.319808335987159 0.342814010274633
5.81685436790932 0.324678078749008 0.331093901418993
5.83015398677354 0.329790392321024 0.319533824351991
5.8437741092751 0.335161728790185 0.308135480220474
5.85773011579548 0.34081008856541 0.296900628008019
5.87203848824595 0.346755205563102 0.285831087514399
5.88671691573201 0.353018759493789 0.274928742556637
5.90178441298686 0.359624619966374 0.264195544413374
5.91726145344468 0.366599128083048 0.253633515537049
5.93317011914811 0.373971422377178 0.243244753561718
5.94953427007271 0.381773817407101 0.233031435638203
5.9663797359191 0.390042245137018 0.222995823132906
5.9837345339893 0.39881677151144 0.213140266732159
6.00162911745182 0.408142203492283 0.203467212000672
6.02009665913841 0.418068805450039 0.19397920545086
6.03917337704396 0.428653148411566 0.184678901189926
6.05889890896686 0.439959121573905 0.175569068224176
6.07931674529347 0.452059143110231 0.166652598516014
6.10047473087842 0.465035617184063 0.157932515909401
6.12242564940737 0.478982697023727 0.149411986066003
6.14522790668912 0.494008430959522 0.141094327588936
6.16887060513078 0.510184597198169 0.133008049301806
6.19287003932078 0.527246251548666 0.125323637636556
6.21690250348931 0.545000502969533 0.118122850586354
6.24076003433804 0.563310076318029 0.111431553133037
6.2643141042376 0.582078354434848 0.105243070418429
6.28748895092377 0.601237529809732 0.0995333076580892
6.31024309357267 0.620739839278093 0.0942699694198002
6.33255694747424 0.640551323075016 0.0894179227459357
6.35442469524532 0.660647481412314 0.0849421713060251
6.37584902256952 0.681010293321755 0.0808094016231831
6.39683774042136 0.701626187426782 0.0769887000863585
6.41740163327907 0.722484666918217 0.073451802361475
6.43755309746749 0.743577379433033 0.070173088927658
6.45730528599959 0.764897487515403 0.0671294507957066
6.47667157692145 0.786439241363484 0.0643000960782363
6.49566524771423 0.808197687446874 0.0616663367121889
6.51429928061483 0.830168468354925 0.0592113764134002
6.53258625087331 0.852347683971542 0.0569201104885149
6.55053826733828 0.874731793981627 0.0547789422261883
6.56816694585497 0.897317548350296 0.0527756173335704
6.58548340303825 0.920101936847129 0.0508990761555852
6.60249826249738 0.943082151641159 0.0491393225577828
6.61922166846988 0.966255558958998 0.0474873079864084
6.63566330366057 0.989619677107764 0.0459348291203095
6.65183240925743 1.01317215903653 0.0444744375709775
6.66779376648997 1.03699529832754 0.0430946289734846
6.68362476724796 1.06119977776942 0.0417842470482879
6.69937346978696 1.08586085457137 0.0405357978373135
6.71506991529447 1.11103161475542 0.0393439833614433
6.73073297101835 1.13675118165576 0.0382048491403454
6.74637453083678 1.16304987751182 0.0371152806134878
6.76200211907953 1.18995250225118 0.0360727022401213
6.77762051482395 1.21748043063219 0.0350748960678544
6.79323276931386 1.24565296021855 0.0341198914124483
6.80884084495666 1.27448818125562 0.0332058971494892
6.82444601737527 1.30400354017232 0.0323312596664473
6.84004912870382 1.33421620625384 0.031494436331448
6.8556507473321 1.3651433116787 0.0306939783847726
6.87125126875003 1.39680211002842 0.0299285195822493
6.88685097928049 1.42921008231141 0.0291967683751381
6.9024500964162 1.46238500922175 0.0284975022875
6.91804879440144 1.49634502171179 0.0278295636806728
6.93364722050515 1.53110863767696 0.0271918564137428
6.94924550541991 1.56669478979202 0.0265833431019563
6.9648437699538 1.60312284775754 0.0260030427918864
6.98044212938264 1.64041263706708 0.0254500289430482
6.99604069632633 1.67858445566458 0.024923427648753
7.01163958269534 1.71765908938382 0.0244224160553015
7.0272389010528 1.75765782675372 0.0239462209548026
7.04283876561154 1.79860247355534 0.0234941175369689
7.05843929300536 1.84051536738895 0.0230654282916372
7.07404060292393 1.88341939242847 0.0226595220579462
7.0896428186687 1.92733799448871 0.0222758132189875
7.10524606766769 1.97229519649882 0.0219137610428629
7.12085048197401 2.01831561445537 0.0215728691727709
7.13645619876567 2.06542447391732 0.021252685270221
7.15206336085909 2.11364762709903 0.020952800816858
7.1676721172459 2.16301157061556 0.0206728510817685
7.18328262366091 2.21354346393469 0.0204125152625925
7.19889504318834 2.26527114859291 0.020171516810327
7.21450954691276 2.31822316823637 0.0199496239494196
7.23012631462158 2.37242878955334 0.0197466504066518
7.24574553556582 2.42791802417124 0.0195624563644422
7.2613674092865 2.48472165159927 0.0193969496565907
7.2769921465149 2.54287124330673 0.0192500872271983
7.29261997015515 2.60239918803802 0.0191218768765714
7.3082511163593 2.66333871847731 0.019012379321421
7.32388583570567 2.72572393939041 0.0189217106006709
7.33952439449273 2.78958985738729 0.0188500448627724
7.35516707616257 2.85497241246797 0.0187976175756865
7.37081418286945 2.92190851153588 0.0187647292067578
7.38646603721134 2.99043606408829 0.0187517494267028
7.40212298414446 3.06059402032228 0.0187591219000358
7.41778539310413 3.13242241192895 0.0187873697336533
7.43345366035773 3.20596239588796 0.0188371016662349
7.4491282116203 3.28125630162039 0.0189090190938717
7.46480950496686 3.35834768191228 0.0190039240422509
7.48049803408134 3.43728136808415 0.0191227282132233
7.49619433188772 3.51810352995648 0.0192664632541552
7.5118989746162 3.60086174124904 0.0194362924227467
7.52761258636578 3.68560505115561 0.0196335238487173
7.54333584423428 3.77238406295946 0.0198596256278623
7.55906948409888 3.8612510207015 0.0201162430245908
7.57481430714424 3.95225990508855 0.0204052181075915
7.59057118725202 4.04546654003966 0.0207286122014919
7.60634107938577 4.14092871152128 0.0210887316074762
7.62212502912954 4.23870630062784 0.0214881571305722
7.63792418356783 4.33886143323496 0.0219297780542087
7.65373980373025 4.44145864900385 0.0224168313281149
7.66957327886778 4.54656509306809 0.0229529468893721
7.68542614288123 4.6542507344128 0.0235422002257417
7.7013000932883 4.76458861579554 0.024189173524759
7.71719701319762 4.87765514110115 0.0248990270438512
7.73311899686083 4.99353040732544 0.0256775827021679
7.74906837950162 5.11229859002169 0.0265314223554177
7.76504777228428 5.23404839311778 0.027468003799566
7.78106010349092 5.35887357665614 0.0284957982965387
7.79710866724357 5.48687357940541 0.0296244543779232
7.81319718145248 5.61815425769161 0.0308649939336654
7.82932985712349 5.75282876754464 0.0322300482329572
7.84551148175363 5.89101862483721 0.0337341436959847
7.86174752033979 6.03285498819849 0.0353940501404877
7.87804423859889 6.17848022310262 0.0372292081587118
7.89440885446612 6.32804982411227 0.0392622576672026
7.9108497259701 6.48173479794383 0.0415196971529544
7.92737658644198 6.63972464605615 0.0440327136832898
7.94400084209828 6.80223113683284 0.0468382388501754
7.96073595297572 6.96949313196248 0.0499803078439377
7.97759792700591 7.14178284191482 0.0535118316096679
7.9946059703778 7.31941405223797 0.0574969418490433
8.01178335810403 7.50275312102895 0.0620141462600863
8.02915862190424 7.69223396019634 0.0671606558177435
8.04676720729959 7.88837889152162 0.0730584517121052
8.06465384558197 8.09182842643305 0.0798630127034058
8.08287605382512 8.30338508092899 0.0877762558771474
8.10150949079162 8.52408020103377 0.0970664338002677
8.12065652472226 8.75528046576235 0.108100109834678
8.14046071968535 8.99886723137412 0.121396452141263
8.16113313810409 9.25756076328774 0.137726175037516
8.18300488680352 9.53556514458034 0.158309700504857
8.20664740289733 9.84003850940681 0.185270934336342
8.23176139437212 10.1663042300789 0.220651224101594
8.25657811970858 10.4891718351545 0.264344513844428
8.27990662128356 10.7901585635557 0.315576608522386
8.3011442007649 11.058933557722 0.37309061697012
8.3201353097003 11.2920808711108 0.435463638341392
8.33699529394875 11.4907233857312 0.501394978021379
8.35196656881097 11.658275113712 0.569867487343696
8.36532628787366 11.7988792548927 0.640181053556518
8.37733772220159 11.9165441738959 0.711908568695124
8.38815049336264 12.0140822933338 0.784263898094101
8.39788488953889 12.0940410524179 0.856433171449663
8.40669677704235 12.1591538913544 0.928083074732985
8.41473725450736 12.2118474359544 0.999163798354905
8.4221374465769 12.254108521692 1.0697708604343
8.42900546249906 12.2875053380978 1.14006061086496
8.4354283399239 12.3132582855575 1.21020360035072
8.44147551945137 12.3323158335611 1.28036144846506
8.44720237691546 12.3454197302888 1.35067713593413
8.45265328525029 12.3531563040352 1.421272443806
8.45786408969067 12.3559951439149 1.49224889071097
8.46286404007265 12.3543176640836 1.56369015410962
8.46767727267506 12.3484380109245 1.63566492004021
8.47232393730251 12.3386183420755 1.70822964630316
8.47682105256892 12.3250800296125 1.78143101827855
8.48118315599739 12.3080119302489 1.85530803027022
8.4854228003616 12.2875765465298 1.92989370061168
8.48955093510903 12.2639146664449 2.00521646155309
8.49357720184603 12.2371488980557 2.08130127544273
8.49751016537038 12.2073863942293 2.15817052820983
8.50135749614304 12.1747209768937 2.23584474580416
8.50512611595788 12.1392348100288 2.31434317229386
8.50882231553271 12.1009997283371 2.39368424138372
8.51245185052193 12.0600782987721 2.47388596691531
8.51602002082345 12.0165246710336 2.55496627269716
8.51953173685959 11.97038525811 2.63694327780212
8.52299157563554 11.9216992771041 2.7198355501651
8.52640382873323 11.8704991726413 2.80366233878725
8.52977254392126 11.8168109392484 2.88844379297032
8.53310156170815 11.7606543545721 2.97420117564881
8.53639454790362 11.7020431317579 3.06095707696218
8.53965502305859 11.6409849964098 3.14873563364034
8.54288638951221 11.577481691075 3.23756275950915
8.54609195667152 11.5115289079641 3.32746639242721
8.54927496507875 11.4431161484907 3.41847676322381
8.5524386097768 11.3722265060561 3.51062669272451
8.55558606346247 11.2988363662035 3.60395192374552
8.55872049991734 11.2229150156831 3.69849149605229
8.56184511822839 11.144424148953 3.79428817377568
8.5649631683567 11.0633172570123 3.89138893675694
8.5680779786855 10.9795388789675 3.9898455498857
8.57119298628587 10.8930236910682 4.08971522789389
8.57431177078755 10.8036954006623 4.19106141754239
8.57743809294794 10.711465403017 4.29395472506505
8.58057593929323 10.616231146373 4.39847402465995
8.58372957459126 10.5178741337031 4.50470779452513
8.58690360444769 10.4162574666461 4.61275574157462
8.59010305105901 10.3112228052904 4.72273079625474
8.59333344620389 10.2025865728434 4.8347615874064
8.59660094705725 10.0901351704749 4.94899554789993
8.59991248260339 9.9736188748806 5.06560286114163
8.60327594168764 9.85274395341174 5.18478154676372
8.60670041870987 9.72716232243065 5.30676411787682
8.61019654071118 9.59645774857375 5.43182645129598
8.61377691204845 9.4601270696827 5.56029984764339
8.61745673350686 9.31755404511579 5.69258781484577
8.62125468832141 9.16797195145227 5.82919006812522
8.62519425181338 9.01040834851837 5.97073796986361
8.62930570350683 8.84360032731157 6.11804892386652
8.63362936835049 8.66585818853065 6.27221391705693
8.63822115793421 8.47483275065142 6.43474708657495
8.643162806777 8.26708616341758 6.60786197373876
8.64858289169435 8.03721185613575 6.79503915518324
8.65414968400975 7.79959580369108 6.98370756448914
8.65953756403977 7.56881811349119 7.16224730167654
8.66460452829147 7.35164695129796 7.32598687729765
8.66932264232522 7.14977188163108 7.4744167038172
8.67371778948887 6.96238109153521 7.60887284285932
8.67783426382617 6.78774323282177 7.73122932795027
8.68171795572475 6.62398537112726 7.84331130526995
8.68540980989948 6.46940934648913 7.94668978436691
8.68894411813607 6.32258446195827 8.04264653510998
8.6923487990783 6.18234525111351 8.13220310614132
8.69564633913474 6.0477557613713 8.21616709542979
8.69885483300422 5.91806703346485 8.29517726421446
8.70198891513798 5.79267807664317 8.3697415873674
8.70506052580318 5.67110341808838 8.44026738031777
8.70807951579217 5.552947362722 8.50708442654227
8.71105411392099 5.43788406454302 8.57046246856403
8.7139912849015 5.32564228170086 8.6306243583469
8.71689700241881 5.21599376928886 8.68775594154256
8.71977645776159 5.10874444131854 8.74201351254565
8.72263421991456 5.00372761856451 8.79352947134814
8.72547435923584 4.90079884033853 8.84241664946707
8.72830054382392 4.79983184815696 8.88877164772414
8.7311161153597 4.70071544955769 8.93267743629365
8.73392414946484 4.60335104590431 8.97420539987384
8.73672750432171 4.50765066416279 9.01341696179257
8.73952886034485 4.41353537400378 9.05036488537527
8.74233075299149 4.32093400193599 9.08509432523664
8.74513560028366 4.2297820764197 9.11764368255083
8.74794572623582 4.14002095422907 9.14804530480953
8.75076338110367 4.05159709033854 9.17632606065842
8.75359075916435 3.96446142248082 9.20250781308512
8.75643001458681 3.87856884811524 9.2266078087864
8.75928327583832 3.79387777647254 9.24863899744801
8.76215265899026 3.71034974205137 9.26861029155642
8.76504028022494 3.62794906875398 9.286526774961
8.76794826780045 3.54664257599638 9.30238986652534
8.77087877369862 3.46639931978051 9.31619744370806
8.77383398515954 3.38719036299498 9.32794392969282
8.77681613629265 3.30898857020686 9.33762034666727
8.77982751994804 3.23176842298524 9.34521433697244
8.78287050003182 3.15550585240682 9.3507101530603
8.78594752445536 3.0801780858694 9.35408861647034
8.78906113892065 3.00576350570811 9.3553270453318
8.79221400176229 2.93224151738975 9.3543991491869
8.79540890009281 2.85959242526663 9.35127488918116
8.79864876753176 2.78779731401187 9.34592030084748
8.80193670384305 2.71683793393827 9.33829727578555
8.80527599686092 2.64669658842483 9.32836329746372
8.80867014715574 2.57735602163701 9.31607112509535
8.8121228959806 2.50879930462416 9.30136841799824
8.81563825715332 2.44100971770038 9.28419729094916
8.81922055367353 2.37397062674964 9.26449378868215
8.82287446006007 2.3076653507205 9.24218726469815
8.82660505163329 2.24207701706003 9.21719964575025
8.83041786227812 2.17718840113714 9.18944455846184
8.8343189526316 2.11298174476104 9.15882628813587
8.83831499117919 2.04943854762334 9.12523853137069
8.84241264057206 1.98655003551437 9.08856944941586
8.84660104982474 1.92457083765125 9.0488734597714
8.850874951598 1.86364807826535 9.00617997135361
8.85523267506262 1.80386354108981 8.96049936071688
8.85967487494134 1.74525986034961 8.91182781429345
8.86420373386826 1.68785652437611 8.86015100869737
8.86882246944303 1.63165954717509 8.80544680057617
8.8735350345744 1.57666726509062 8.7476871449909
8.87834593951548 1.52287378556459 8.68683944444538
8.88326015032524 1.47027102273502 8.62286749296361
8.88828303543606 1.41884988669669 8.55573214037134
8.89342034274088 1.36860096801788 8.4853917684275
8.89867819635157 1.31951492247703 8.41180264437268
8.90406310638676 1.27158267858839 8.33491919825117
8.90958198776773 1.22479554099971 8.25469425673851
8.91524218563171 1.17914523321397 8.17107925683362
8.92105150598838 1.13462390538925 8.08402445651497
8.92701825088109 1.09122412242502 7.99347915542622
8.93315125771494 1.04893884127499 7.89939193619266
8.93945994266847 1.00776138271214 7.801710935608
8.94595434827032 0.967685400579718 7.70038415434892
8.95264519532996 0.928704850277044 7.5953598138506
8.95954393948325 0.890813957483174 7.48658676936606
8.96666283266085 0.854007187697883 7.37401498893741
8.97401498981603 0.818279216947155 7.25759610896781
8.98161446126123 0.783624903884061 7.13728407825593
8.98947631095948 0.750039263469976 7.0130359037107
8.99761670109361 0.717517442419868 6.88481251247874
9.00605298318994 0.686054696623649 6.75257974686031
9.01480379599439 0.655646370805303 6.61630951012847
9.02388917017922 0.626287880748032 6.47598108314811
9.03333063978267 0.597974698495052 6.33158263344449
9.04315136003477 0.570702341030592 6.18311293999146
9.05337623087601 0.54446636305364 6.03058335832957
9.06403202500107 0.519262354576758 5.87402005148364
9.07479290185526 0.495824540984177 5.71854443230432
9.08539124679647 0.47454185038011 5.56812475323806
9.095701023553 0.455403459728466 5.42447152585509
9.10568157336294 0.438222319723235 5.28798170340865
9.11533719763936 0.422758981043643 5.15839409341076
9.12469262965466 0.408779052879494 5.03517349437129
9.13377965691017 0.396074933481713 4.91771176720954
9.14263046335633 0.384470726089647 4.80542236690374
9.15127468276894 0.373820226024275 4.69777819497493
9.15973837208623 0.36400264460653 4.59432144146146
9.16804391197224 0.354918075863806 4.4946607570074
9.17621031075488 0.346483457461548 4.39846353313395
9.18425364763525 0.338629224211115 4.30544701677822
9.19218752965055 0.331296629875504 4.21536990007267
9.20002350849443 0.324435638520061 4.12802499429228
9.20777143896109 0.318003274527237 4.04323311176809
9.2154397775661 0.311962331665631 3.9608380708056
9.22303582701604 0.306280359378621 3.88070266488725
9.23056593453357 0.300928861946894 3.80270542623422
9.23803565214466 0.295882661075357 3.72673802886422
9.24544986619922 0.2911193843362 3.65270320003898
9.25281290226754 0.286619051057618 3.58051303341805
9.26012861043024 0.282363734177008 3.51008761905113
9.26740043497967 0.278337281771093 3.4413539235583
9.2746314717146 0.27452508585363 3.37424486850549
9.28182451533118 0.270913888927019 3.30869856652074
9.28898209887553 0.267491620941927 3.24465768366525
9.29610652680029 0.264247260949017 3.18206890349404
9.30319990283869 0.261170718959605 3.12088247356633
9.31026415365375 0.258252734470432 3.06105181926136
9.31730104902186 0.255484788827331 3.00253321291105
9.3243122191559 0.252859029158493 2.94528548870011
9.33129916965243 0.250368202040811 2.88926979567812
9.33826329445401 0.248005595402414 2.83444938270571
9.34520588714333 0.24576498743292 2.78078941031712
9.35212815082778 0.243640601486718 2.72825678539683
9.35903120682665 0.241627066136106 2.6768200152962
9.36591610233615 0.239719379669558 2.62644907859738
9.37278381721768 0.237912878442965 2.57711531020035
9.37963527003086 0.236203208583767 2.52879129878791
9.38647132341315 0.234586300623625 2.48145079503209
9.39329278889206 0.233058346697914 2.43506862915868
9.40010043120286 0.231615780002456 2.38962063669467
9.4068949721737 0.230255256241421 2.34508359139633
9.41367709423126 0.228973636836878 2.30143514449905
9.42044744357243 0.227767973701345 2.2586537695504
9.42720663304126 0.226635495400737 2.21671871218895
9.43395524474514 0.225573594557362 2.1756099443164
9.44069383243967 0.224579816361526 2.13530812218297
9.44742292370794 0.223651848076553 2.09579454796757
9.45414302195661 0.222787509435958 2.05705113448635
9.46085460824851 0.221984743843549 2.01906037270878
9.46755814298909 0.221241610297627 1.98180530179852
9.47425406748196 0.220556275969475 1.94526948143017
9.48094280536701 0.219927009374186 1.90943696616152
9.48762476395315 0.21935217407872 1.87429228166623
9.49430033545635 0.218830222898067 1.83982040265345
9.50096989815244 0.218359692535653 1.80600673232015
9.50763381745317 0.217939198628754 1.77283708319835
9.51429244691331 0.217567431163714 1.74029765927417
9.52094612917554 0.217243150229396 1.70837503926849
9.52759519685928 0.216965182080466 1.67705616098011
9.53423997339933 0.216732415484895 1.64632830660257
9.5408807738391 0.216543798332637 1.61617908893434
9.5475179055833 0.216398334484601 1.58659643841013
9.55415166911427 0.216295080843095 1.557568590888
9.56078235867571 0.216233144626639 1.52908407613287
9.56741026292759 0.216211680833705 1.5011317069431
9.57403566557544 0.216229889881312 1.47370056887112
9.58065884597691 0.21628701540574 1.44678001049398
9.58728007972882 0.216382342213778 1.42035963419338
9.59389963923694 0.216515194373941 1.39442928740839
9.60051779427129 0.216684933438087 1.3689790543273
9.60713481250909 0.216890956784685 1.34399924798773
9.61375096006778 0.217132696075791 1.31948040275704
9.62036650203002 0.217409615820488 1.29541326716705
9.62698170296283 0.217721212038201 1.27178879707949
9.63359682743271 0.218067011015876 1.24859814916041
9.64021214051873 0.218446568153596 1.22583267464341
9.64682790832527 0.218859466893641 1.20348391336345
9.65344439849621 0.219305317728534 1.18154358804396
9.66006188073244 0.219783757283972 1.16000359882177
9.66668062731421 0.22029444747299 1.13885601799519
9.67330091363018 0.220837074718027 1.11809308498191
9.67992301871473 0.221411349237952 1.09770720147418
9.68654722579531 0.222017004397379 1.07769092677993
9.69317382285156 0.222653796115933 1.05803697333888
9.69980310318777 0.223321502335419 1.03873820240395
9.7064353660206 0.224019922543082 1.01978761987861
9.71307091708369 0.224748877349439 1.00117837230169
9.7197100692511 0.22550820811939 0.982903742971501
9.72635314318128 0.226297776655562 0.964957148202118
9.73301527856478 0.227119324424689 0.947293236179477
9.73972016307609 0.227975985357556 0.929847674647618
9.74648310237237 0.228870198042205 0.912581928337178
9.75331432815393 0.229803979539617 0.895472906565843
9.7602209905934 0.230779099900057 0.878506833734691
9.76720837298053 0.231797195032114 0.861675579039032
9.77428063824506 0.232859840691455 0.844974443454937
9.78144129052458 0.23396860174682 0.828400819824634
9.78869346206788 0.235125065688294 0.811953379617916
9.79604009264814 0.236330866120039 0.795631578716456
9.80348404269804 0.237587699942475 0.779435356916075
9.81102816556788 0.238897340627336 0.763364955226511
9.81867535460998 0.240261649152852 0.747420804859054
9.82642857481872 0.24168258362823 0.731603459859617
9.83429088506536 0.243162208290663 0.715913556320473
9.84226545468501 0.244702702336627 0.70035178778059
9.85035557676043 0.246306368908542 0.684918890488945
9.85856467957351 0.247975644469775 0.669615634680248
9.86689633715552 0.249713108747243 0.654442819519816
9.87535427953388 0.251521495389768 0.639401270292273
9.88394240306898 0.253403703474281 0.624491836967677
9.8926647811504 0.255362809986188 0.609715393618904
9.90152567544714 0.257402083401647 0.595072838371289
9.91052954786366 0.259524998506307 0.580565093691563
9.91968107333008 0.261735252596174 0.566193106899868
9.92898515354403 0.264036783221101 0.55195785083539
9.93844693177973 0.266433787649779 0.537860324634623
9.94807180888296 0.268930744257087 0.523901554598678
9.95786546057851 0.271532436060494 0.510082595136761
9.96783385622744 0.27424397666235 0.49640452977951
9.9779832791857 0.277070838889975 0.482868472260033
9.98832034893222 0.280018886466142 0.469475567663147
9.99885204515412 0.283094409089941 0.45622699364508
10.0095857339996 0.286304161363108 0.443123961727131
10.0205291967355 0.289655406061268 0.430167718667781
10.0316906610754 0.293155962324749 0.417359547918474
10.0430788354813 0.296814259431841 0.404700771169085
10.0547029467791 0.300639396921078 0.392192749989737
10.0665727814764 0.304641211951371 0.379836887576404
10.0786987312227 0.308830354933372 0.367634630608499
10.0910918429169 0.313218374636937 0.355587471227515
10.1037638740346 0.317817814183523 0.343696949146716
10.1167273538366 0.322642319575943 0.331964653902977
10.1299956512134 0.327706762709647 0.320392227263023
10.1435830500386 0.333027381160437 0.308981365797718
10.1575048330382 0.338621937466778 0.297733823639584
10.1717773753416 0.34450990113757 0.286651415440499
10.1864182490689 0.350712657239782 0.275736019548574
10.2014463405328 0.357253746181935 0.264989581425568
10.2168819819007 0.364159140243604 0.254414117328926
10.2327470994793 0.371457563552259 0.24401171828576
10.2490653811672 0.37918086363408 0.233784554389864
10.2658624660816 0.387364444438823 0.223734879457353
10.2831661599215 0.396047772957018 0.213865036081893
10.3010066803048 0.405274974337273 0.204177461136986
10.3194169371425 0.415095533939511 0.194674691780701
10.3384328541236 0.425565129248675 0.185359372027996
10.3580937386246 0.436746620320384 0.176234259967927
10.3784427088999 0.448711234836276 0.167302235718372
10.3995271893174 0.461539993457817 0.158566310230457
10.421399486794 0.475325433730448 0.150029635080159
10.4441174645874 0.490173707338203 0.141695513417786
10.4677453333924 0.506207147483466 0.133567412290149
10.4917809335233 0.523155040768099 0.125827233494053
10.5158819581621 0.540816450176877 0.118565715536218
10.5398274606028 0.559048036798045 0.111814026497017
10.5634802279506 0.577748803013889 0.105568344371879
10.5867588573715 0.596847854061763 0.0998059143218113
10.6096182923095 0.616295282013439 0.0944948985731794
10.6320367356897 0.636055648600429 0.0896001353163823
10.6540070421553 0.656103437924268 0.0850863502676337
10.6755311356822 0.67641993023599 0.0809198403274129
10.6966164240871 0.696991071731796 0.0770692673656678
10.7172735131054 0.71780603019973 0.0735059485986538
10.7375147587713 0.738856217708289 0.0702038724289974
10.7573533574896 0.760134629117497 0.0671395728232281
10.7768027796693 0.781635393258734 0.0642919381742038
10.7958764222525 0.803353467011422 0.0616419969929687
10.8145874003536 0.825284425344462 0.0591727032371499
10.8329484270489 0.847424315865115 0.0568687328611474
10.8509717488042 0.869769556834122 0.0547162968270165
10.8686691158118 0.892316864585691 0.0527029723061133
10.886051774024 0.91506320095409 0.0508175519308938
10.9031304704685 0.938005734417887 0.0490499100213217
10.9199154664891 0.961141810743869 0.047390884301727
10.9364165555082 0.984468930291635 0.0458321715042916
10.9526430831563 1.0079847300585 0.0443662352879926
10.9686396038394 1.03174052321753 0.0429832120398694
10.9844920230895 1.05585718477762 0.0416709790851434
11.0002535887643 1.08041631212185 0.0404214783546419
11.0159575443963 1.10547497313519 0.0392290780412639
11.0316247488861 1.13107480147061 0.0380896242238296
11.0472683409814 1.15724769973213 0.0369998823151409
11.0628966255293 1.18401945550199 0.0359572040530561
11.0785148718903 1.21141205120169 0.0349593270815189
11.0941264395783 1.23944514736592 0.0340042533109481
11.1097334848778 1.26813703903653 0.0330901744259196
11.125337405289 1.29750527477223 0.0322154257567916
11.1409391194582 1.3275670590038 0.0313784572877202
11.1565392436794 1.35833951503243 0.0305778150608058
11.1721382032903 1.38983985831807 0.0298121289182538
11.1877363030524 1.42208551201072 0.0290801041343221
11.2033337716771 1.45509418531741 0.0283805154577736
11.2189307900481 1.48888392798863 0.0277122026698233
11.2345275091576 1.52347316949983 0.0270740671153493
11.2501240615539 1.55888074846801 0.0264650688784035
11.2657205686924 1.59512593588531 0.0258842244021237
11.2813171457028 1.63222845448849 0.0253306044313926
11.296913904525 1.67020849576828 0.0248033322041251
11.3125109560172 1.70908673559688 0.0243015818460618
11.3281084114179 1.74888434911318 0.0238245769417406
11.3437063834039 1.78962302528732 0.0233715892653568
11.3593049868964 1.83132498144582 0.0229419376621961
11.3749043397156 1.87401297794896 0.0225349870758506
11.3905045631453 1.91771033315509 0.0221501477195081
11.4061057824493 1.96244093877058 0.0217868743918316
11.4217081273674 2.00822927566226 0.0214446659396884
11.4373117326083 2.05510043019599 0.0211230648714807
11.4529167383546 2.1030801111584 0.0208216571262123
11.4685232907878 2.15219466731558 0.0205400720047898
11.4841315426435 2.20247110566275 0.0202779822714786
11.4997416538023 2.25393711042078 0.0200351044349502
11.5153537919244 2.3066210628393 0.0198111992200156
11.5309681331325 2.36055206187085 0.0196060722429794
11.5465848627518 2.41575994578714 0.019419574905598
11.5622041761137 2.47227531481579 0.0192516055249371
11.5778262794292 2.53012955488482 0.019102110719029
11.5934513907438 2.58935486257224 0.0189710870711897
11.6090797409801 2.64998427137028 0.0188585830992199
11.624711575081 2.71205167938676 0.0187647015595612
11.6403471532641 2.77559187862252 0.0186896021208727
11.6559867524015 2.84064058598115 0.018633504446545
11.6716306675388 2.90723447618877 0.0185966917314789
11.6872792135725 2.97541121682519 0.0185795147451576
11.7029327271026 3.04520950569614 0.0185823964407945
11.7185915684847 3.11666911080837 0.0186058371993295
11.7342561241059 3.18983091324753 0.018650420787497
11.7499268089129 3.26473695330237 0.0187168211213714
11.7656040692258 3.34143048023084 0.0188058099410344
11.7812883858764 3.41995600612358 0.0189182655186914
11.7969802777126 3.50035936439158 0.0190551825421763
11.8126803055223 3.5826877734885 0.0192176833388969
11.8283890764321 3.66698990657695 0.0194070306325972
11.8441072488522 3.75331596796535 0.0196246420577219
11.8598355380439 3.84171777728187 0.0198721066947307
11.8755747224038 3.93224886251804 0.0201512039357467
11.8913256505725 4.02496456327444 0.0204639250450952
11.9070892494959 4.11992214578043 0.0208124978456383
11.922866533589 4.2171809315492 0.0211994150419384
11.9386586151804 4.31680244187962 0.0216274667884365
11.9544667164505 4.41885056084259 0.0220997782291589
11.9702921831141 4.52339171991036 0.0226198528802487
11.9861365001534 4.63049510802649 0.0231916229046384
12.0020013099647 4.7402329117028 0.0238195075482252
12.0178884333609 4.85268059070854 0.024508481280391
12.0337998939688 4.96791719613734 0.0252641535236233
12.0497379466777 5.08602573916997 0.0260928622871475
12.0657051109495 5.20709362078674 0.0270017845642724
12.0817042099916 5.33121313514579 0.0279990670481038
12.0977384170434 5.45848206249973 0.0290939816135789
12.1138113103434 5.58900437160041 0.0302971111715211
12.1299269387645 5.72289105685546 0.0316205730142143
12.1460899006484 5.86026114248877 0.0330782887702831
12.1623054391058 6.00124289524305 0.0346863127517748
12.1785795580238 6.14597529963508 0.0364632340705842
12.1949191643634 6.29460986672797 0.0384306728075927
12.2113322441688 6.44731287072985 0.0406138973037321
12.2278280822933 6.60426814033375 0.0430425991635771
12.2444175395095 6.76568057796735 0.0457518761339777
12.26111340598 6.93178064687474 0.0487834927043245
12.277930857885 7.10283016414252 0.0521875173770019
12.2948880557858 7.27912988531174 0.0560244795102888
12.3120069414845 7.46102959321208 0.06036825662437
12.3293143189493 7.64894176241842 0.0653100110930617
12.3468433519533 7.84336045533545 0.0709636721269144
12.3646356907592 8.04488809253297 0.0774737592249702
12.3827445806417 8.25427447425447 0.0850268738131965
12.4012395648173 8.47247562834497 0.0938691689390015
12.4202139030968 8.7007463062719 0.104334035417401
12.4397968960702 8.94079303334564 0.116888297100447
12.4601757540039 9.19504454121471 0.132214501714405
12.4816379393069 9.46717309071763 0.151370722503913
12.5046637641747 9.76322971705769 0.176140428059324
12.5297019630962 10.088509497517 0.209267413880129
12.5548502201384 10.4164849442491 0.250835724786096
12.5787449903809 10.7264269285949 0.300240730693873
12.6006346942213 11.0057877020272 0.356318327810582
12.6202643962798 11.2495259971484 0.417646092224391
12.6376976283248 11.4578497754821 0.482857645599425
12.6531586213071 11.6338163369817 0.550844356468618
12.6669254310451 11.7815494222183 0.620819521476468
12.6792708421587 11.9051973005273 0.692288589565281
12.6903948036485 12.0080840093383 0.76469646532976
12.7003983324967 12.0925818888007 0.837063108186834
12.7094347936396 12.1614717022971 0.908950960752958
12.7176598630571 12.2173034640633 0.980253742466136
12.7252112914925 12.2621948285617 1.05104129789062
12.732203656828 12.2978269394556 1.12146192875132
12.738729531289 12.3255098146981 1.19168720188689
12.74486281598 12.3462602893089 1.26188379506272
12.7506623777441 12.3608713833335 1.33220106175789
12.7561752845629 12.3699677062183 1.40276710365112
12.7614394523707 12.3740475264793 1.47368910130486
12.7664857232376 12.3735139308983 1.54505553140623
12.7713394631446 12.3686976453608 1.61693901216272
12.7760217780726 12.3598736981792 1.68939915086042
12.7805504363671 12.347273615693 1.76248511452699
12.7849405689143 12.3310944021719 1.8362378277045
12.7892052027133 12.3115052095785 1.91069179263033
12.7933556699683 12.2886523436467 1.98587656828657
12.7974019241818 12.2626630648059 2.06181795944504
12.8013527865979 12.2336485085397 2.13853896821255
12.8052161402617 12.2017059552244 2.21606055590473
12.8089990844583 12.1669206130843 2.29440225619231
12.8127080589876 12.1293670312945 2.3735826733166
12.8163489453081 12.0891102275042 2.45361989266014
12.8199271498134 12.0462065909095 2.534531825422
12.8234476732022 12.000704605545 2.61633650463903
12.8269151689558 11.9526454266284 2.69905234623568
12.8303339932334 11.9020633341727 2.78269838604657
12.8337082479772 11.8489860816927 2.86729450170159
12.837041818639 11.7934351529881 2.95286162676874
12.8403384076538 11.7354259362153 3.03942196351132
12.8436015645763 11.6749678214105 3.12699919995295
12.8468347136401 11.6120642250603 3.21561873659703
12.850041179389 11.5467125430361 3.30530792807726
12.853224210949 11.4789040310689 3.39609634520385
12.8563870054601 11.408623609814 3.48801606331176
12.859532731158 11.3358495893074 3.58110198352988
12.862664550593 11.2605533051362 3.67539219460711
12.8657856444842 11.1826986557752 3.77092838431084
12.8688992367532 11.1022415271128 3.86775631124105
12.8720086213375 11.0191290859851 3.96592635030149
12.8751171914879 10.933298919248 4.06549412821153
12.8782284723835 10.8446779881663 4.16652126957101
12.8813461580884 10.753181359123 4.2690762794487
12.8844741541262 10.6587106600788 4.37323559574199
12.8876166273041 10.56115219675 4.47908485435369
12.8907780648929 10.4603746414912 4.58672042357905
12.8939633459469 10.3562261790129 4.69625128251375
12.8971778284832 10.248530952732 4.80780134407645
12.9004274575913 10.1370845982646 4.92151235991254
12.9037189014894 10.0216485676942 5.03754759753833
12.907059725435 9.90194282596775 5.15609655847312
12.9104586177576 9.77763631632317 5.27738112440881
12.9139256890334 9.64833430648603 5.401663701459
12.9174728761773 9.51356127402723 5.52925822359113
12.9211145008845 9.37273724531879 5.66054535426411
12.9248680619556 9.22514423616945 5.79599403935068
12.9287553945521 9.06987719270037 5.93619301165724
12.9328044295 8.90576962820618 6.08189855388748
12.9370519845925 8.73127580772772 6.23411020674871
12.9415484455366 8.54427348020715 6.39419763620403
12.9463661959459 8.34170917066632 6.56412903711605
12.9516163257871 8.11889617301443 6.74692399930094
12.9571601761743 7.88192090670693 6.93662823450567
12.9626083708393 7.64801473831097 7.11910973161668
12.9677678865754 7.42617894581786 7.28776280794936
12.972581920081 7.2194126332586 7.4410349406453
12.977063670204 7.02749987251756 7.57984243983154
12.9812535641207 6.84890310811594 7.70596328298713
12.9851976165465 6.68175594803428 7.82126298774511
12.9889383670596 6.52429511130614 7.92739611936037
12.9925120236807 6.37500707277235 8.02573130696378
12.9959482841591 6.23264794588698 8.11736602261901
12.9992711335578 6.09621505683397 8.20316964755438
13.0024998728122 5.96490540537305 8.2838295829422
13.0056500857063 5.8380752648924 8.35989154477142
13.00873445198 5.71520572398054 8.43179201140597
13.0117633965338 5.59587499664437 8.49988334963286
13.0147455943593 5.47973683490547 8.56445289988439
13.0176883582077 5.36650395619565 8.62573735077897
13.0205979347008 5.25593540704534 8.68393354485293
13.0234797304855 5.14782694120686 8.73920662051799
13.0263384855469 5.0420036758148 8.79169617914366
13.0291784068279 4.93831445814189 8.84152099023409
13.032003272068 4.83662751452295 8.88878261214675
13.0348165112758 4.7368270616695 8.93356820449523
13.037621271342 4.63881064308658 8.97595273394025
13.0404204678911 4.54248701486235 9.01600072089806
13.0432168274186 4.44777445058051 9.053767635451
13.0460129219919 4.35459936852378 9.089301022351
13.0488111982275 4.26289520884118 9.12264141443366
13.0516140018413 4.17260150632603 9.15382307880087
13.0544235987639 4.08366311766668 9.18287462919473
13.0572421935865 3.99602957178509 9.20981952993647
13.0600719459385 3.90965451911244 9.2346765108302
13.062914985272 3.82449526104963 9.25745990795455
13.0657734244407 3.74051234491556 9.27817994187241
13.0686493723893 3.65766921275447 9.29684294218532
13.0715449462236 3.57593189471194 9.31345152533052
13.0744622828945 3.49526873948389 9.32800473091171
13.0774035507026 3.41565017573044 9.34049812055513
13.0803709608192 3.33704849942469 9.3509238422063
13.0833667790041 3.25943768294842 9.35927066186554
13.0863933377053 3.18279320240653 9.36552396395217
13.0894530487257 3.1070918801472 9.36966572074713
13.0925484166522 3.03231173987624 9.37167443065792
13.0956820532618 2.95843187206168 9.37152502434595
13.0988566931386 2.88543230755406 9.36918873702562
13.1020752107697 2.81329389750937 9.36463294445516
13.105340639426 2.74199819780192 9.35782095925645
13.1086561921866 2.67152735615603 9.34871178318619
13.1120252855297 2.60186400020886 9.33725980978364
13.1154515659954 2.53299112463717 9.32341447038108
13.1189389405304 2.46489197533171 9.3071198147037
13.1224916112571 2.39754992837084 9.28831401510268
13.1261141155785 2.33094836121199 9.26692878072431
13.1298113727496 2.26507051305853 9.24288866443394
13.1335887383267 2.19989933073238 9.21611024083751
13.1374520682778 2.13541729553577 9.18650112792752
13.1414077950212 2.07160622544036 9.15395881724065
13.1454630183132 2.0084470453893 9.11836926726062
13.1496127134939 1.94610971913351 9.07972882335442
13.1538496614243 1.88477861386289 9.03807632911453
13.1581709368566 1.82455806798984 8.99342914312555
13.1625763833196 1.76550420604418 8.94578852018737
13.1670676493553 1.70764449056114 8.89514378334412
13.171647589323 1.65098958478266 8.84147541052412
13.1763198966075 1.595540484691 8.78475725212198
13.1810888834932 1.54129277472745 8.72495809602938
13.1859593531941 1.48823914819668 8.66204276277659
13.1909365298077 1.43637088650495 8.59597287267214
13.1960260248776 1.38567871646017 8.52670739008443
13.2012338273837 1.33615329756745 8.45420302060422
13.2065663090608 1.28778549016135 8.37841451478383
13.2120302401215 1.24056649441376 8.29929491631619
13.2176328124299 1.19448791381095 8.21679578150626
13.2233816684033 1.14954177490477 8.13086738945059
13.229284934685 1.1057205221491 8.04145895747669
13.2353512601147 1.06301699890082 7.94851887335134
13.2415898578288 1.02142442107755 7.85199495400438
13.2480105515175 0.980936347252501 7.75183473965206
13.2546238259946 0.941546647372113 7.64798583198396
13.2614408823212 0.903249471352538 7.54039628532462
13.2684736977801 0.86603921827736 7.42901506028217
13.2757350910342 0.829910506621405 7.31379255027715
13.2832387928214 0.794858145769507 7.19468119245556
13.2909995225436 0.760877109029049 7.07163617579902
13.2990330710908 0.727962508318507 6.94461626072423
13.3073563902077 0.696109570732329 6.81358472608867
13.3159876886436 0.665313617224832 6.6785104612565
13.3249465352235 0.635570043716636 6.53936922268523
13.3342539688297 0.606874305003613 6.39614507630498
13.3439326150569 0.579221901939031 6.24883204868715
13.3540068090042 0.552608372463731 6.09743601150777
13.3645027232359 0.527029287175996 5.94197682492181
13.3752495073017 0.502907546022003 5.78536581073274
13.3859135153753 0.480853895022939 5.63265892296342
13.3963241022399 0.460972746331834 5.48627643538895
13.4064148537554 0.443123608221482 5.34700819617911
13.4161769872016 0.427077835519842 5.21478059685047
13.4256295619406 0.412596122364401 5.08913042803035
13.4348026328055 0.399460507071677 4.96946287639241
13.4437285661452 0.38748394708202 4.85517811732002
13.4524379950511 0.376510136284605 4.7457258531715
13.4609582329272 0.366409758780434 4.64062323062217
13.469312908444 0.357075942754992 4.53945555431101
13.4775221575801 0.348420016691062 4.44186984035109
13.4856030316788 0.340367917934039 4.34756613538863
13.4935699552017 0.332857288391637 4.25628885414011
13.5014351583103 0.325835176694237 4.16781904432007
13.5092090556816 0.319256237117852 4.08196784161546
13.5169005652931 0.313081320786416 3.99857108763415
13.5245173708725 0.30727637103024 3.91748497077746
13.532066135429 0.301811552667502 3.83858252089626
13.5395526740271 0.296660560845329 3.761750796402
13.5469820933907 0.291800067990248 3.6868886241187
13.5543589048649 0.287209277479011 3.61390477673501
13.5616871161314 0.282869560298831 3.54271649557916
13.5689703060223 0.27876415672342 3.4732482859385
13.5762116858896 0.274877929335241 3.4054309280247
13.583414150253 0.271197156937679 3.3392006592773
13.5905803188682 0.267709361304043 3.27449849352642
13.5977125718934 0.264403160514382 3.21126965013905
13.6048130794767 0.261268143992604 3.14946307212862
13.6118838268038 0.258294765390468 3.08903101671217
13.618926635431 0.255474250255824 3.02992870526725
13.6259431815574 0.252798516031851 2.97211402231862
13.6329350117628 0.250260102407201 2.91554725526011
13.63990355663 0.247852110407111 2.86019086813409
13.6468501425954 0.245568148907455 2.8060093040569
13.6537760023027 0.243402287485534 2.75296881187672
13.6606822836906 0.241349014706899 2.70103729344097
13.6675700579983 0.239403201096942 2.65018416848177
13.6744403268469 0.237560066167163 2.60038025463431
13.6812940285249 0.235815148964966 2.55159766051259
13.6881320435855 0.23416428169698 2.50380969009956
13.6949551998485 0.232603566042985 2.45699075698058
13.7017642768835 0.231129351833151 2.41111630717306
13.7085600100385 0.229738217807711 2.3661627494897
13.7153430940728 0.228426954217112 2.32210739252657
13.7221141864392 0.227192547053458 2.27892838749562
13.7288739102595 0.226032163731738 2.23660467622849
13.7356228570266 0.22494314006289 2.19511594376976
13.7423615890664 0.223922968380775 2.15444257505389
13.7490906417848 0.222969286702295 2.11456561522581
13.7558105257243 0.222079868814616 2.07546673322045
13.7625217284499 0.22125261519613 2.03712818826427
13.7692247162834 0.220485544688748 1.9995327990025
13.7759199359017 0.21977678684861 1.96266391499141
13.7826078158128 0.219124574910551 1.92650539032484
13.7892887677221 0.21852723930884 1.89104155919121
13.795963187801 0.217983201703023 1.8562572131797
13.8026314578664 0.217490969463169 1.82213758017452
13.8092939464806 0.217049130573685 1.7886683046937
13.8159510099801 0.216656348919101 1.75583542954402
13.8226029934388 0.216311359918993 1.7236253786772
13.8292502315741 0.216012966482541 1.69202494114442
13.8358930495997 0.215760035256132 1.66102125605661
13.8425317640321 0.215551493140086 1.63060179846701
13.8491666834543 0.215386324052845 1.60075436610116
13.8557981092419 0.215263565923104 1.57146706686621
13.8624263362549 0.21518230789217 1.54272830707827
13.8690516534995 0.215141687710524 1.51452678035208
13.8756743447633 0.215140889314027 1.48685145710268
13.8822946892259 0.215179140566579 1.45969157461289
13.8889129620494 0.21525571115722 1.43303662762508
13.8955294349505 0.215369910640754 1.40687635941906
13.9021443767571 0.215521086611978 1.38120075334125
13.9087580539515 0.215708623004459 1.35600002475346
13.9153707312025 0.215931938505643 1.33126461337212
13.9219826718891 0.216190485080779 1.3069851759714
13.9285941386169 0.216483746598851 1.28315257942561
13.9352053937301 0.216811237554278 1.25975789406864
13.94181669982 0.217172501878748 1.23679238734953
13.9484283202328 0.217567111838027 1.21424751776537
13.9550405195777 0.217994667009085 1.1921149290538
13.9616535642374 0.218454793333292 1.1703864446291
13.9682677228828 0.218947142241874 1.1490540622468
13.9748832669934 0.219471389850156 1.12810994888298
13.9815004713847 0.220027236217499 1.10754643581561
13.9881196147451 0.220614404670149 1.08735601389591
13.9947409801838 0.221232641184527 1.06753132899876
14.0013648557902 0.221881713828772 1.04806517764205
14.0079915352085 0.222561412260636 1.02895050276542
14.0146213182275 0.223271547280081 1.01018038965959
14.0212545113884 0.224011950435163 0.991748062038016
14.0278914286119 0.224782473680065 0.973646878243418
14.0345336252704 0.22558314051559 0.955867057130509
14.041209767296 0.226417463106512 0.938328663856982
14.0479381550008 0.22728810723258 0.920983886861346
14.0547308335019 0.228197221789615 0.90380406479427
14.0615960515002 0.229146647294696 0.88677205549518
14.0685397535244 0.230138049972478 0.86987768518704
14.0755664942626 0.231173009158639 0.853115011355114
14.0826800025497 0.232253075092739 0.836480667934943
14.0898835311435 0.233379807841527 0.819972861781652
14.0971800748544 0.234554804204916 0.803590763059884
14.1045725075495 0.235779717014407 0.787334134626121
14.1120636691173 0.237056269678791 0.771203106669468
14.1196564215886 0.238386267834673 0.755198039729854
14.1273536862964 0.239771609317663 0.739319441516055
14.1351584694451 0.241214293257184 0.723567916484041
14.1430738806706 0.242716428832877 0.707944135367861
14.1511031474442 0.244280244061567 0.692448816865245
14.1592496271066 0.245908094877176 0.677082716730683
14.1675168176578 0.247602474700041 0.661846621386583
14.1759083680205 0.249366024652904 0.646741344294544
14.1844280882424 0.251201544559277 0.631767724017785
14.1930799599517 0.253112004850282 0.616926623325238
14.2018681472869 0.255100559504633 0.60221892894321
14.2107970084656 0.257170560151032 0.587645551715932
14.2198711081291 0.259325571471443 0.573207427030945
14.2290952305826 0.261569388056778 0.558905515422891
14.2384743940457 0.263906052883119 0.544740803304345
14.2480138660285 0.266339877596704 0.530714303793783
14.257719179956 0.268875464819654 0.516827057623878
14.2675961531718 0.271517732716202 0.503080134121376
14.2776509064636 0.274271942091533 0.489474632254866
14.2878898852727 0.277143726332898 0.476011681749902
14.2983198827613 0.280139124546326 0.462692444273052
14.3089480649396 0.283264618293046 0.449518114687853
14.3197819980726 0.28652717238891 0.436489922386721
14.33082967862 0.289934280299257 0.423609132703702
14.3420995659915 0.293494014742616 0.410877048413677
14.3536006184386 0.297215084211669 0.398295011324361
14.3653423324451 0.301106896231804 0.385864403968125
14.377334786032 0.305179628309676 0.373586651401427
14.3895886864449 0.309444307680643 0.36146322312045
14.4021154227628 0.313912901149753 0.349495635102444
14.4149271240422 0.31859841654249 0.33768545198325
14.4280367237029 0.323515017546285 0.326034289382637
14.4414580309668 0.328678154041677 0.314543816390307
14.4552058102849 0.334104710404783 0.303215758226904
14.4692958698364 0.339813174725558 0.292051899095967
14.4837451603555 0.345823832448028 0.28105408524469
14.4985718857446 0.352158988623297 0.270224228253476
14.5137956271824 0.358843223804028 0.259564308576836
14.5294374827186 0.365903689639253 0.249076379361075
14.545520224703 0.373370451500768 0.238762570567676
14.5620684778094 0.381276887051608 0.228625093435349
14.579108920926 0.389660151637163 0.218666245318568
14.5966705167922 0.398561723850214 0.208888414946206
14.6147847740102 0.40802804773696 0.199294088150985
14.6334860469715 0.418111292063449 0.189885854129043
14.6528118803576 0.428870252105991 0.180666412299637
14.6728034062556 0.440371425908182 0.171638579848367
14.6935058036442 0.45269030532558 0.162805300054282
14.7149688321407 0.465912933090869 0.15416965152297
14.7372474545756 0.480137791449978 0.145734858476093
14.7604025663366 0.495478106854779 0.137504302285246
14.7842576407882 0.511893405969381 0.129560067593966
14.8083723370855 0.529138632642421 0.122045313572594
14.8324552947261 0.547036617139493 0.115024042270606
14.8563212088845 0.565461725662902 0.10851147681223
14.8798568570195 0.584325651471524 0.102495036267333
14.9029965891479 0.603566395944453 0.0969476719331842
14.9257055139004 0.623140209247442 0.0918358901464466
14.9479683015733 0.643015889698838 0.0871243602396702
14.9697818643101 0.663170831854836 0.0827784299243837
14.9911506286451 0.683588320272656 0.0787654004876556
15 0.692244812883665 0.0771703195555008
