0.01 -0.0093240737 -0.0086473146 -0.932570512954397 -0.864525805062993 -0.965281697878015 0.247395994329504 0.478409867164306 0.429223132923677 0.974605771578015 -0.238748679729504 0.454160645790091 0.435302672139317 
0.0234911592806616 -0.0219084993176244 -0.0203070258969016 -0.933306693591147 -0.863596033899079 -0.958715567496706 0.253157140781154 0.49513413317655 0.424639845216105 0.98062406681433 -0.232850114884253 0.438172560414598 0.438956188682975 
0.0397549236999666 -0.0370976929380625 -0.0343395526994125 -0.93497722008627 -0.861475779006412 -0.950497425460045 0.260016427655446 0.515683212807616 0.418555642957674 0.987595118398107 -0.225676874956033 0.419294007278654 0.442920136048738 
0.0580171630862146 -0.054193955313445 -0.0500446591668929 -0.937859372318505 -0.857783265092857 -0.940867035905599 0.267594497642773 0.53925227628588 0.41093938377697 0.995060991219043 -0.21754983847588 0.398607096032625 0.446843881315888 
0.0776134157121193 -0.0726083087868386 -0.0668078106655289 -0.942108174046372 -0.852258555236399 -0.930049187208696 0.275562655253507 0.56510543403086 0.40176660018726 1.00265749599553 -0.208754844587978 0.377002740015512 0.450491955049139 
0.0980281876784152 -0.0918926417133014 -0.0841390073408904 -0.94776133329524 -0.844752473767371 -0.918234744017372 0.283661218672328 0.592624958278575 0.391014855802166 1.01012738573067 -0.199522211331437 0.355136375016664 0.453737617965204 
0.118880531718183 -0.111722352772504 -0.101664455487236 -0.954762011110255 -0.835199835258971 -0.905580980659887 0.291693363469702 0.62130431517098 0.378665934176307 1.01730333343239 -0.190028907982465 0.333457695939275 0.456533901082664 
0.139896655119156 -0.131868174818688 -0.11910564133133 -0.962984784315832 -0.82359344021088 -0.892216963758284 0.299512883600818 0.650727335090668 0.364708824469977 1.02408513857697 -0.180407242269488 0.312257449225164 0.458884615740903 
0.160885110298001 -0.152171707297373 -0.136259294720866 -0.972259238501985 -0.809963177524501 -0.878248341547959 0.307012841805862 0.680549716927257 0.349140911758999 1.03042004884533 -0.170753547084996 0.291709521574728 0.460822265765502 
0.181717928232686 -0.172527574621558 -0.152981380701613 -0.98238963911826 -0.794359830081011 -0.863760260450243 0.314116569932055 0.710486121663038 0.331966727291123 1.0362878350718 -0.161135189230442 0.271903517455222 0.462393102789888 
0.202316862279404 -0.192871145263217 -0.169174650940124 -0.993170323024689 -0.776842343586639 -0.848818777878877 0.320770635705153 0.740301503655557 0.313194620223113 1.04168992314209 -0.151595984765029 0.252868819369132 0.463647723363526 
0.222643203121982 -0.213170077301161 -0.18477865926668 -1.00439678128825 -0.757467652615309 -0.833471464903393 0.326939123652438 0.769804584814801 0.292832107508523 1.04664154220455 -0.142160464385759 0.234592196473446 0.464635545106786 
0.242690021454666 -0.233418356624355 -0.199761453643583 -1.01587263956921 -0.736282512308859 -0.817747703146484 0.332598774397981 0.798841983572332 0.270880646615262 1.05116605977084 -0.132837320754398 0.217030655996874 0.465401865693598 
0.262476220608141 -0.253632047615842 -0.214112552442515 -1.02741298579608 -0.713316902990104 -0.80165887663415 0.337734741876837 0.827292306707308 0.24733032767398 1.05529092424999 -0.123622189434322 0.200120679088773 0.465986575316124 
0.282042153574117 -0.273846402145599 -0.227837052061317 -1.0388446538895 -0.688578516692603 -0.785198402869186 0.342336841833362 0.855060074273056 0.222154639516511 1.05904480501478 -0.114499789772046 0.183784579616446 0.466423877176092 
0.301446772523616 -0.294114248019626 -0.240950796894671 -1.05000407987497 -0.662047694861524 -0.768341370594524 0.34639618326918 0.88206960900827 0.195305115843465 1.06245561861415 -0.105445386374509 0.167934470866698 0.466742579018059 
0.320766412081141 -0.314505764652362 -0.253476538475013 -1.06073319797336 -0.633672003817349 -0.751043422798953 0.349902031237561 0.90825905353659 0.166705333467886 1.06554918745131 -0.0964254927625479 0.152474144436773 0.466966670349463 
0.340095448812163 -0.335109933503117 -0.265440977651405 -1.07087356030481 -0.603359374103122 -0.733238380194585 0.352838665514265 0.933574575379864 0.136243365396356 1.0683483136977 -0.08739768786286 0.137298984924941 0.467116008706766 
0.359549320024665 -0.356038217494032 -0.276872555431629 -1.08025844201118 -0.570968275681034 -0.714833854464071 0.35518186824539 0.957964644308982 0.103761261513172 1.0708720719581 -0.0783093128137603 0.122293797702202 0.467207014167862 
0.379270855238844 -0.377431516131105 -0.287799846460208 -1.088702054868 -0.536292507834811 -0.695703607080426 0.356894447566411 0.981374030691699 0.0690391852343529 1.07313512321153 -0.0690946011062033 0.107328024176298 0.467253322600458 
0.399441837895288 -0.399472441056031 -0.298250414690372 -1.09598389198044 -0.499036311593654 -0.675674369143936 0.357919761926277 1.00373682163358 0.0317699291074511 1.07514681019997 -0.0596693472359043 0.0922470703468645 0.467266382486203 
0.420303826851553 -0.422407144024541 -0.308250013817652 -1.10182401519202 -0.458771336377713 -0.654502517733944 0.358171247134467 1.02496710872436 -0.00848466874985439 1.07690966175848 -0.0499212333168152 0.0768569064676615 0.467256005127567 
0.441223604131357 -0.445508413990355 -0.317416394835064 -1.10571066443854 -0.416840910520198 -0.632848607584498 0.357562923936214 1.04410923255541 -0.0503913409453628 1.07835702157485 -0.0401465291011501 0.0616014318831328 0.467232251465561 
0.461688401647776 -0.468164812581178 -0.325520127763309 -1.1073932130978 -0.374560639924239 -0.611300907395823 0.356105109452086 1.06057717636552 -0.0926441325854012 1.079465719977 -0.0305849816887763 0.0468160367322769 0.46720477250964 
0.481502756712219 -0.490112569694612 -0.332530970652583 -1.10685930777821 -0.332689611885905 -0.590139478052742 0.353858847482959 1.07425938000369 -0.134490786615797 1.08025204774735 -0.0213278768303758 0.0325999277745148 0.467180398501703 
0.500661241748196 -0.511303080713693 -0.338513428287021 -1.10420079154379 -0.291582179842265 -0.5694421969927 0.350891034342334 1.08528153036167 -0.17558084747277 1.08074527770639 -0.0123776060553128 0.0189192611821194 0.467163027315035 
0.5192563706113 -0.53180205723372 -0.343562380803039 -1.0995296557672 -0.251341149983482 -0.549171755391168 0.347253149124365 1.09385330636298 -0.215813255929496 1.08097381262489 -0.00369076832132545 0.0056763494042236 0.467154405912978 
0.537424015941993 -0.551727164250585 -0.347770643742252 -1.09293647288056 -0.211930870468436 -0.529232306553401 0.34297435225804 1.10018841567472 -0.255224014160071 1.08095947080399 0.00479629148421237 -0.00725194279415939 0.467154884628507 
0.555315702453324 -0.571214657922977 -0.351215411033732 -1.08447394928026 -0.173248094071914 -0.509501124870354 0.338060887483295 1.10447022212473 -0.293915802374235 1.08071578279333 0.0131545235504364 -0.0199962728444717 0.467163896446149 
0.573051407073982 -0.590365610585311 -0.353949151077226 -1.07417476397168 -0.135237790433395 -0.489883359543559 0.332509033620379 1.10683786969231 -0.331942342619911 1.08024897012887 0.0214401174568471 -0.0326631057206339 0.467180133053306 
0.590751510352534 -0.609279349105141 -0.35600914049958 -1.06204370079071 -0.0978350032793325 -0.470279376689932 0.326299717934748 1.10740268891024 -0.369366554715332 1.07955872579507 0.0297094225648327 -0.0453589881195267 0.467201557994664 
0.608550609090416 -0.628066095310268 -0.357418641571151 -1.0480464962103 -0.0609466597563967 -0.450571338780196 0.319393248013101 1.10624849309262 -0.40627866299628 1.07863743409046 0.0380253935580504 -0.0582019968823183 0.467225322752677 
0.626595819956055 -0.646842274878425 -0.358184779925229 -1.03210702905173 -0.0244681354653235 -0.430626980696358 0.311727994373981 1.1034294207427 -0.442779369243458 1.07746925557478 0.0464567855512489 -0.0713223916909657 0.467247504708782 
0.645050437774227 -0.66573101769453 -0.358296896043559 -1.01410258027615 0.0117099758224522 -0.410297635267088 0.303217056573016 1.09897009484421 -0.478972598953004 1.07602865296162 0.0550798394705432 -0.0848675145680622 0.467262623130551 
0.664102264339772 -0.684866414789238 -0.357724033331199 -0.993854770776359 0.0477013208877817 -0.389411421971036 0.293741904104383 1.09286563016151 -0.514964146235944 1.07427783676027 0.063982129226816 -0.0990108593851489 0.467262825348163 
0.683977599314713 -0.704401488760885 -0.35641035069542 -0.971113245866404 0.0836278642345902 -0.367760891561203 0.283141333583368 1.08507999452571 -0.550864377568868 1.07216238032209 0.0732690171120519 -0.113966748659309 0.467236513334278 
0.70443565915744 -0.724021094506329 -0.354330251774351 -0.94618910005667 0.118748204869332 -0.345651066113533 0.271502953340201 1.07579593912552 -0.585916523453125 1.06967216061986 0.0828272984341498 -0.129606839068851 0.467168318583794 
0.724889035868006 -0.743111888852406 -0.351552235692438 -0.919958153063069 0.151875336734765 -0.323748052956842 0.259170741624857 1.06548304462284 -0.618918262758545 1.06685994180925 0.0923814940675806 -0.145524891559771 0.467042926023781 
0.745070663370146 -0.761411156649069 -0.348167298679513 -0.893011441944502 0.182553282287667 -0.302351828863276 0.246361722868909 1.05455055131011 -0.649398855184186 1.06376298551234 0.101805575810604 -0.161539109365608 0.466845572896518 
0.764909607523324 -0.778860320311417 -0.34425622689433 -0.865700273277602 0.210735248809725 -0.281540129268833 0.233191285128399 1.04330979679513 -0.677296398590513 1.06040044958025 0.111064941765931 -0.177609523517532 0.466561149780787 
0.78443764964791 -0.795499952235318 -0.339879452230202 -0.83821173725508 0.236560970391616 -0.261275998423633 0.219706729424578 1.03198619972027 -0.702734019390625 1.05677595065895 0.120172722805624 -0.193774462465187 0.46617304899901 
0.803732303949803 -0.811408611440387 -0.335077825235983 -0.810634174142096 0.260232312018333 -0.241472696348063 0.205914749987439 1.02074516754044 -0.725894406721618 1.05288130778845 0.129163075248544 -0.21011099339834 0.465662094703285 
0.822886059139562 -0.826671625503025 -0.329876881097956 -0.78300273356157 0.281953534880162 -0.222028129946495 0.191800178243977 1.00971580351404 -0.746959135796516 1.04869975544952 0.13807670285398 -0.226713069952468 0.465005600916354 
0.841991259482082 -0.84136697885424 -0.324291332770587 -0.755327753560191 0.301907114615155 -0.202841260044254 0.177337665929937 0.999008217850467 -0.766083612248374 1.04420823889849 0.14695366684065 -0.243680464290276 0.464176497633219 
0.861133356350857 -0.855559979760184 -0.318328781132673 -0.727611350963178 0.320246990249159 -0.183818945536919 0.162498694626842 0.988724920504625 -0.78338944722887 1.0393789252971 0.155830086505831 -0.261113569541448 0.463142456979711 
0.880388246157655 -0.869302041145248 -0.311992559765829 -0.699856783914734 0.337099496023615 -0.164878150043705 0.147255833967783 0.978967854856844 -0.798964472749223 1.03418019118895 0.164736725798046 -0.279111070942109 0.461864976725608 
0.899821357096703 -0.882631176256785 -0.305283919481561 -0.672073686269764 0.352567191774943 -0.145946158206401 0.131585548168671 0.969842444433069 -0.812865603406442 1.02857733446319 0.17369837131289 -0.297768758163304 0.460298411631499 
0.919487270790221 -0.895573063119469 -0.298203793334786 -0.644281064452821 0.366733432301739 -0.126960153229127 0.115470358631288 0.961459557092355 -0.82512241170598 1.0225332163486 0.182733434703499 -0.317178492639534 0.458388979404241 
0.9394292824588 -0.908142187884411 -0.290754336511851 -0.616509114895896 0.379666810048998 -0.107866812942474 0.0989008309781162 0.953935865217711 -0.83574061959456 1.01600900082688 0.191853505533735 -0.337426750321815 0.456073809545563 
0.959678645886772 -0.920342912993471 -0.282940368692659 -0.58880038013752 0.391425202589623 -0.0886222157610709 0.08187762115843 0.94739276857045 -0.844705354893709 1.00896512875454 0.201062747534229 -0.35859238843293 0.453280152304085 
0.98025345884169 -0.932170487900147 -0.274770775687296 -0.561210411113052 0.402059402878152 -0.0691921458366994 0.0644136372924504 0.941953851907455 -0.851984322726248 1.00136263373685 0.210357138394846 -0.380743440794403 0.449924919848096 
1.00115730002367 -0.943612107667779 -0.266259853574383 -0.533807870044617 0.411616381832392 -0.049552756191197 0.0465362164617583 0.937740771668085 -0.857531166235063 0.993164863858976 0.219723637112625 -0.403932901623467 0.445914784402671 
1.02237786714904 -0.954648162777616 -0.25742850229734 -0.506673858114051 0.420142215687632 -0.0296914422400689 0.0282890634762028 0.934867516258543 -0.861289306232365 0.984339605017685 0.229139438821137 -0.428193658144492 0.441147090544733 
1.04388599136329 -0.965253820768066 -0.24830510322889 -0.479900182923332 0.427684649213556 -0.00960767940332577 0.00973356048177553 0.933433177801468 -0.863196472394264 0.974861500171392 0.238571542747115 -0.453532994878135 0.435511823180708 
1.06563549033051 -0.975401033235036 -0.238925863502748 -0.453586312810521 0.434295190181941 0.0106865036789269 -0.00905103307377077 0.933513705229272 -0.863189966877377 0.964714529556109 0.247976896576519 -0.479927392418751 0.428894776695437 
1.087564323677 -0.985060966761323 -0.229334404911097 -0.427834921285555 0.440030569808051 0.0311667809609006 -0.0279689567443928 0.935153524043874 -0.861212442934239 0.953894185800422 0.25730336165549 -0.507318602758318 0.421181873126188 
1.10959738117149 -0.994206723399165 -0.219580442339998 -0.402746202203986 0.4449533896752 0.0517978303587847 -0.0469111999901003 0.938358280130662 -0.857217680612674 0.94240889304038 0.266491642330099 -0.535612077926676 0.412264290937474 
1.13165095030922 -1.00281607778168 -0.209717543526886 -0.378411478648204 0.449131832399932 0.0725358405004774 -0.0657605932195852 0.943090113280563 -0.851175589499222 0.930280237281199 0.275478136746472 -0.564678634632359 0.40204375709929 
1.15363852619814 -1.01087386499496 -0.199800160950221 -0.354906922608272 0.452638442538172 0.0933321333925752 -0.0843982728543928 0.949266631219265 -0.843075579326929 0.917541731602384 0.284198433804614 -0.594359708610993 0.390437136788756 
1.17547726260413 -1.01837365492266 -0.189880314439686 -0.332288316428996 0.455548153249236 0.114137539419018 -0.102710663979467 0.956764105910579 -0.832927595857549 0.90423611550364 0.292590978419153 -0.624475789481583 0.377379442608312 
1.19709416221167 -1.02531846176906 -0.180004404514785 -0.310587640309881 0.457935883321616 0.134906960978548 -0.12059593407905 0.965424513767828 -0.820760511770547 0.890411500790517 0.300600338593835 -0.654836873457947 0.36282462844893 
1.21843115729892 -1.031720429719 -0.170210604880957 -0.289811891406455 0.459874099587242 0.155603516248092 -0.137968972435016 0.975065199587315 -0.806618069716742 0.876116913470909 0.308179577315973 -0.685253308180859 0.3467439701295 
1.2394485219197 -1.0375996384163 -0.160527128088679 -0.269944061819717 0.46143070578586 0.176201783037106 -0.154764307495001 0.985489461888701 -0.790553016648076 0.861397855379191 0.31529143558368 -0.715545400068985 0.329122310862217 
1.26012646793906 -1.04298231563555 -0.150971442227985 -0.250945791667424 0.462667500645683 0.196689910326949 -0.170936847155992 0.996496369284581 -0.772620295556331 0.846292405308602 0.321908289383976 -0.745550577617156 0.309952794910648 
1.28046516320969 -1.04789879290823 -0.14155031537415 -0.232760985185422 0.463639296068845 0.217070639222889 -0.18646074572673 1.00788853936808 -0.752870123276703 0.830828153685342 0.32801106110088 -0.775127554182654 0.289230827207859 
1.3004836665193 -1.0523814999256 -0.1322604322029 -0.215319653934307 0.464393652858457 0.237361494153795 -0.201326953125587 1.01947721873049 -0.73134153547593 0.8150200057718 0.333587385328487 -0.804157564796185 0.266947882617473 
1.3202183733022 -1.05646320080074 -0.123089277351392 -0.198541374478593 0.464971107117137 0.257594531575041 -0.215540062929118 1.03108456228861 -0.708056629907757 0.798868669225697 0.33862934028051 -0.832543187810014 0.243085522790621 
1.33972154604279 -1.06017557009009 -0.11401599279613 -0.182337929524761 0.465405729739493 0.277816076481699 -0.229114992448366 1.04254337576142 -0.683015383949985 0.782359493608393 0.343130985244496 -0.860205446236658 0.217609654210492 
1.35906043197846 -1.06354811703274 -0.105011956478142 -0.16661486271292 0.46572587112903 0.298086876465477 -0.242073872824646 1.05369471573044 -0.656190609365527 0.765461240567257 0.347085829302788 -0.887079853017515 0.190464738236498 
1.37831741827618 -1.06660740373934 -0.0960408610174363 -0.151271766431825 0.465954974727289 0.318483110860976 -0.254443363303228 1.0643836640771 -0.627522321685674 0.748124292878363 0.350484224320664 -0.913111897645275 0.161567346958385 
1.39759170496817 -1.06937646411471 -0.0870580632514763 -0.136201107863382 0.466112380521153 0.339098766450508 -0.26625246894954 1.07445334777159 -0.59691046926605 0.730277697664205 0.353310532201016 -0.938252239908207 0.130798088744897 
1.41700316076125 -1.07187430360767 -0.0780088932609014 -0.121285247128997 0.466214074012621 0.360050106861075 -0.277530848221129 1.08373686410105 -0.564204441630463 0.711824196746593 0.35553974148203 -0.962451616972054 0.0979903676178421 
1.43669949146128 -1.07411532781691 -0.0688253972662654 -0.106390937537628 0.466273363678613 0.381483455234495 -0.288307543374738 1.09204610930211 -0.529186777447723 0.692631872582418 0.357132940641004 -0.985655171764478 0.0629134137691102 
1.45686887964679 -1.07610848247457 -0.0594205099823728 -0.0913598253989359 0.46630149148593 0.403588580791959 -0.298610043948325 1.09915532127573 -0.491546410662584 0.672519901682613 0.358030553930698 -1.0077954958768 0.0252449191766533 
1.4777625826521 -1.07785573041465 -0.0496775661283886 -0.0759917583600979 0.466308200724063 0.426622399937315 -0.3084635957506 1.1047746980298 -0.450832116309932 0.651233330477338 0.358141161878988 -1.0287829396697 -0.0154760844141311 
1.49858898160472 -1.07927977184921 -0.0399660469578237 -0.0608443897091674 0.46630286174667 0.449679114121618 -0.317421687036255 1.10836798781017 -0.408725285508006 0.629600657727593 0.357387733994079 -1.047523598101 -0.0575775762386637 
1.51889897686257 -1.08036621750615 -0.030495513693598 -0.0462043331530907 0.466294367875477 0.472214962524511 -0.325299053894961 1.1097356636118 -0.366444144062166 0.608151254981633 0.355794567588559 -1.06353133045871 -0.09985022381331 
1.53853858318601 -1.08113512519397 -0.0213377464197404 -0.0321410375533456 0.466288922853061 0.494012120637544 -0.332089386083224 1.10889284921747 -0.324669062553385 0.587123004556426 0.353427132502964 -1.07675181166413 -0.141619860299676 
1.55752541427778 -1.08161662056442 -0.0124844185601586 -0.0186052975781864 0.466290060971931 0.515048565287003 -0.337867097601579 1.10594163066288 -0.283701527726736 0.566568055277414 0.350351516161738 -1.0873363330847 -0.182588533245196 
1.57596305310626 -1.08183865000506 -0.0038870831180039 -0.00549281287534966 0.466299384287884 0.535403431868581 -0.342729234402402 1.10099467676393 -0.243613055926359 0.546435218136475 0.346616317520406 -1.09550186388858 -0.222686328361525 
1.59399173640068 -1.08182214836569 0.00451980274500237 0.00732156758223834 0.466317234059088 0.555200128488482 -0.34676718369993 1.09413894447539 -0.204351359576961 0.526622019877205 0.342247380954928 -1.10146051205762 -0.261965874482127 
1.61176406029249 -1.08157972452414 0.0128075377284801 0.0199684423428555 0.466343103903318 0.5745766745148 -0.350055357710977 1.08542202937276 -0.165805360735381 0.507003050009336 0.337247819982497 -1.10539047171562 -0.300537743167937 
1.62939469223001 -1.08111692824926 0.0210297197344404 0.0325499312453904 0.466375731033993 0.593628651806216 -0.352642742704703 1.07487510651109 -0.127927975622052 0.487488276443042 0.331613022970263 -1.10742503775648 -0.338447755411941 
1.64700612386613 -1.08043277650522 0.0292435742792261 0.045173693842395 0.466413144155047 0.612457756730618 -0.354564648231724 1.06249777181792 -0.0906475636536927 0.467975019774598 0.325321073952498 -1.10767146566031 -0.375765580501354 
1.6647340056299 -1.07951897895088 0.0375124357315968 0.057958338702948 0.466452566523392 0.631175120952393 -0.355841952812664 1.04825029789866 -0.0538682140603877 0.448343857998482 0.318329517081067 -1.10620863660161 -0.412584352463004 
1.68272641273 -1.07835900386738 0.0459053929817395 0.071034763982721 0.466490134912835 0.649897643112008 -0.356479232496011 1.03205078864761 -0.0174843385361388 0.428461360755374 0.310573839514272 -1.10308555263033 -0.449005796376696 
1.70114817263351 -1.07692653186073 0.0544992842575078 0.0845515595609873 0.466520397816439 0.668749133241653 -0.356463110566325 1.01377004320954 0.0186137621041095 0.408177398619075 0.301963826308817 -1.09832160277052 -0.485134159920549 
1.7201898107738 -1.0751827741741 0.0633828257475875 0.0986845880030043 0.466535475990541 0.687865063334413 -0.355759571856051 0.993221775817819 0.0545401295102863 0.387317710839684 0.292376746108464 -1.09190636382082 -0.521075605500828 
1.74008235091779 -1.07307186924692 0.0726634336925483 0.11365239485701 0.466523641114886 0.707401078461215 -0.354309022381195 0.970145115179673 0.0904178380816353 0.365670790785706 0.281645588688647 -1.08379751003668 -0.556941479196521 
1.7604588368822 -1.07059861520177 0.0821692235824856 0.12923044468509 0.466469376479991 0.726920476804973 -0.352101330120501 0.945013894843788 0.12528846816874 0.3436781383968 0.269932106538015 -1.07424433952888 -0.59175784464873 
1.7807827690106 -1.06781285299306 0.0916488864079804 0.145048122532426 0.466357308180956 0.745865218135293 -0.349211387104341 0.918667065209899 0.158079150128072 0.321947634857769 0.257562500696361 -1.06371518774232 -0.624436458309027 
1.80081988773388 -1.06474876316085 0.100991880375724 0.160947036694175 0.466172807887377 0.764006825212453 -0.345729968722415 0.891660530628452 0.188402542544168 0.300741937948395 0.244738088346691 -1.05260756732263 -0.654575350431545 
1.82051704490984 -1.06142305483827 0.110171942772976 0.176900236507082 0.465900941982058 0.781304241374499 -0.34173502664921 0.864319826955436 0.216245316688599 0.280118813463769 0.231563083876234 -1.04122006346252 -0.682146258670657 
1.839914254774 -1.05783766962611 0.11920601753604 0.192952297974815 0.465525265557593 0.797805346260198 -0.337283766726572 0.836815661692183 0.241759841030753 0.260032323365914 0.218077749190532 -1.029767959667 -0.707285106588346 
1.85909202542209 -1.05398338151146 0.128129602139387 0.209182705831693 0.465026744375789 0.813590653216598 -0.3324142691359 0.809226894989157 0.265150154810763 0.240392728294865 0.204284666996513 -1.01840960082085 -0.730176899186552 
1.87814328767621 -1.04984280829161 0.136983545017802 0.225685882301218 0.464382818736754 0.828744985361819 -0.327149920662883 0.781583581597312 0.286618199968835 0.221097822929793 0.190166375645081 -1.00726946389853 -0.751001018705588 
1.89715976254103 -1.04539253528787 0.145807559129634 0.242561191928636 0.463566536245268 0.843344887451653 -0.321503823762527 0.753893509651044 0.306342651528949 0.20204764783622 0.175696264632893 -0.996454701579679 -0.769909187774217 
1.91622597270075 -1.04060450188843 0.15463728090261 0.259908315538741 0.462545681693728 0.857454023302667 -0.315482366888315 0.726157618758955 0.324473530052157 0.183150478585762 0.160845085985705 -0.986065934297695 -0.787019211745884 
1.93541694152902 -1.0354469036639 0.163503025775146 0.2778252115159 0.461281860706064 0.871122270357835 -0.309087943150485 0.698378671588447 0.341133666845318 0.164324633306065 0.145584917375339 -0.976203883104346 -0.802415527551382 
1.95479743447054 -1.02988484582132 0.172429237089572 0.29640706989804 0.459729527524402 0.88438632415594 -0.302321039209969 0.67056610345759 0.356422681978118 0.145498521665385 0.129891802120398 -0.96697317335563 -0.81615220950252 
1.97442163292958 -1.0238809432477 0.181434110500043 0.315745347214549 0.457834983379619 0.897270776916546 -0.295181933728479 0.642738817491572 0.370421538436129 0.126610166331152 0.113747823228436 -0.958484164706119 -0.828256521815748 
1.99433269720182 -1.01739602765334 0.190529144730256 0.335926341359306 0.455535413055691 0.909789234750432 -0.287672194043409 0.614926906696973 0.38319691212358 0.107606792902912 0.0971430493131528 -0.950853248056278 -0.838732325179271 
2.01456198958954 -1.01039009541124 0.199718523083582 0.357028973627799 0.452758076018433 0.921945344873457 -0.279796093417296 0.587172776292844 0.394805155924587 0.0884447505377828 0.0800775703337136 -0.944201749920641 -0.84756323194302 
2.03512792329135 -1.00282360217616 0.208998330186297 0.379121589137578 0.449419823589833 0.933733761715189 -0.271562002035962 0.559531808914305 0.405295854528168 0.0690898404609743 0.0625636718496648 -0.938653398051882 -0.854715678118 
2.05603455051217 -0.994659169787725 0.218355688823586 0.402257734866237 0.445427167049719 0.945141161822385 -0.262983732779668 0.532072493397934 0.414715025535582 0.0495180079653403 0.0446280439560825 -0.93433022826417 -0.860142192585302 
2.07727013873758 -0.985863704532645 0.22776797641996 0.426471070519477 0.44067715551438 0.956147452998221 -0.254081747208183 0.504875792987976 0.423107999749599 0.029716251534425 0.026313770788223 -0.931346863507452 -0.863785155263979 
2.09880611001074 -0.976410825571632 0.237202346983802 0.451769828085626 0.435059309024014 0.966727320108347 -0.244884054459461 0.47803346097807 0.430521949924173 0.00968350546328599 0.00768170747565981 -0.929803289063695 -0.865581258948187 
2.12059680828494 -0.966283372803573 0.246615824000687 0.47813153724583 0.428458758793174 0.976852203582353 -0.235426582737368 0.451645042715904 0.437007960543244 -0.0105688307787796 -0.0111892412633186 -0.929776579961734 -0.865466719336418 
2.14258056631501 -0.955475629977432 0.255956213897926 0.505498998360519 0.420760550794377 0.986492712378393 -0.225752796057255 0.425813457122182 0.442622469905873 -0.0310170824009605 -0.0302034178406709 -0.931312455482699 -0.86338302070025 
2.16468241557736 -0.943994809442566 0.26516399145938 0.533778588275325 0.411854782258642 0.995621340038325 -0.215912394223778 0.400639327489031 0.447427901157011 -0.0516265305957586 -0.0492515972356019 -0.934417915764354 -0.859282683415652 
2.18681850193601 -0.931861357203816 0.274175123770729 0.56284179987114 0.40164192814263 1.00421521220347 -0.205959080317262 0.376214576077233 0.451492355710013 -0.072353854999651 -0.0682160434534676 -0.939056375948372 -0.853134283852642 
2.20890188402698 -0.919107788326455 0.282924564738977 0.592530393578567 0.390037489344298 1.01225849790933 -0.195947580875277 0.352616097340306 0.454888372715952 -0.093150709582874 -0.0869769838637007 -0.945146490918872 -0.844925862060249 
2.23084901968354 -0.905776036931903 0.291349944506763 0.622664774691894 0.376975074016827 1.01974411510526 -0.185930296052472 0.329900446882085 0.45769092924227 -0.113968078173352 -0.105419648454291 -0.952565221573977 -0.834666003259097 
2.25258603394978 -0.891913621468759 0.29939488258576 0.653054446580992 0.362407260859359 1.02667447162104 -0.175954063838953 0.308100343790677 0.4599750074086 -0.13476085015228 -0.123440818746807 -0.961154790371669 -0.822382268267959 
2.27405390549257 -0.877569170221399 0.307011417294892 0.683508911370974 0.346304029636972 1.03306117522037 -0.166057495043414 0.287223407942117 0.461813127136607 -0.155492004998968 -0.140953922251478 -0.97073231931309 -0.808117156773579 
2.29521199346863 -0.862787934318277 0.31416124511375 0.713847371742711 0.328649024802075 1.03892385158607 -0.156269182564919 0.267253072643658 0.463273209769686 -0.176135917267788 -0.15789206254883 -0.981100444386368 -0.791922234571761 
2.31603974016403 -0.847607817164767 0.320815721764122 0.743906003411825 0.309434270934919 1.04428835634083 -0.146606870332023 0.24815119499415 0.46441701847339 -0.196680539176063 -0.174208851432098 -0.992057198405973 -0.773851289408309 
2.33653677760633 -0.832056224821003 0.326954798771984 0.77354221923452 0.288654079832807 1.04918471868273 -0.137077462063174 0.229861650452083 0.465299267403386 -0.217128493861725 -0.18987733670881 -1.0034038696866 -0.753953347236193 
2.35672193130756 -0.816147780134988 0.33256519338371 0.802635984024136 0.266298778144415 1.05364511588488 -0.127677613325143 0.212314168483011 0.465967356090386 -0.237497335749891 -0.204887580058566 -1.01495015250715 -0.732266134234801 
2.37663172122998 -0.799882719109708 0.337638104091544 0.831088684215412 0.242348617414256 1.05770208516801 -0.118394597087671 0.195427786489268 0.466461599779552 -0.257819366058302 -0.219243507003872 -1.02651647070468 -0.708810217193808 
2.3963189455369 -0.783245633538798 0.342166714181281 0.85882024753527 0.216767898734034 1.06138707313273 -0.10920714346557 0.179113479915333 0.466815795235469 -0.278141439593936 -0.232959570715711 -1.0379337274506 -0.683583693969503 
2.41585186565686 -0.766204128305553 0.34614360910813 0.885765180841683 0.18949901259188 1.06472933179863 -0.100085992762576 0.163275687088936 0.467057971377074 -0.298525203493081 -0.246057616345553 -1.04904086793062 -0.656556983968954 
2.43531446393319 -0.748706882879081 0.349558097749168 0.911868027699927 0.160455764289224 1.06775510564608 -0.0909939305234589 0.147812534399076 0.467211205968789 -0.319048222766998 -0.258564167225709 -1.059680562099 -0.627666970258012 
2.4548082848207 -0.730680480834449 0.35239327841788 0.937078512970752 0.129514963953154 1.07048701286676 -0.0818850609799462 0.132614547055969 0.467294427433836 -0.33980653203231 -0.270508217437934 -1.06969306002672 -0.59680939138699 
2.47445657560837 -0.712024105074015 0.354622504800165 0.961346376689644 0.0965046611310089 1.07294349414015 -0.0727029838823505 0.117561464914036 0.467323154929795 -0.360919389066136 -0.281919520917814 -1.07890784160368 -0.563827816060803 
2.49441195132828 -0.692600622615271 0.356204618300526 0.984615591469529 0.0611862966874145 1.07513816446373 -0.0633773048118445 0.102516387069333 0.467310156166712 -0.382537541848456 -0.292827313488682 -1.08713197853886 -0.528496452854126 
2.51486993832028 -0.672221335054 0.357076766170737 1.00681722337071 0.0232257600094251 1.07707882604902 -0.0538173829275205 0.0873156235203453 0.467266020918656 -0.404857490995024 -0.303259383243217 -1.09413284689106 -0.490491780928081 
2.53604056867701 -0.650673103635849 0.357143326244571 1.02780979498408 -0.0177527783103345 1.0787619336937 -0.0439256672319568 0.0717891933676078 0.467199846671538 -0.428088830057848 -0.313217659012614 -1.09959898835168 -0.449447068361203 
2.5570845263668 -0.628835630658532 0.356332677241484 1.04647342236666 -0.0599802903658197 1.0801111995498 -0.0340946872091999 0.0565258576204673 0.467123949454338 -0.451275568891267 -0.322237990032284 -1.10299927998712 -0.407143659088518 
2.57758070253843 -0.607212213417155 0.354675056323289 1.0623699075964 -0.102298232533741 1.08111811437481 -0.0245212042986798 0.0417892505536065 0.467048368859807 -0.473905900957652 -0.330153852024609 -1.10415915815 -0.364750136326065 
2.59739468086978 -0.586021421498229 0.352237913363773 1.07547240044327 -0.144072385535151 1.08180546958745 -0.0152678250931567 0.0276337232770502 0.466979333829595 -0.495784048089224 -0.336970088270616 -1.10310612372032 -0.322906948294443 
2.61655618354383 -0.565302959551985 0.349086973489664 1.08594459410445 -0.185031170331041 1.08220411590775 -0.0063204052377625 0.0140011715265451 0.466919883853454 -0.516901156355761 -0.342766568251901 -1.09994576563099 -0.281888713522413 
2.63517596320819 -0.544998106305232 0.34526935594614 1.09400716773922 -0.225120110526526 1.08234163612841 0.00237304319936561 0.000782185223671079 0.466870928944133 -0.537343529823181 -0.347642399145505 -1.09478935296289 -0.241750818417607 
2.65339870148762 -0.524999739514362 0.340808923996658 1.0998717132449 -0.264400037259845 1.08223804656657 0.0108803152300573 -0.0121515849565129 0.466832062452337 -0.557238307052212 -0.351689239226715 -1.08772012828839 -0.202432025192492 
2.67137963714639 -0.50517983657492 0.335706682996353 1.1037140808121 -0.302984225459215 1.08190474093851 0.0192740862147156 -0.0249328182465488 0.466802018779638 -0.576724904363586 -0.354980769211068 -1.07878126256554 -0.163817793320423 
2.68922659724373 -0.485456291578553 0.329958909739683 1.10566460627987 -0.340900633435926 1.08134639663274 0.0276048487061015 -0.0376591901523052 0.466778896072239 -0.595890105054183 -0.357563758445784 -1.06800541612757 -0.125878262636312 
2.70706696117652 -0.465721516657061 0.32354122848916 1.10583064511524 -0.378225075865046 1.08056080342145 0.0359321690383632 -0.0504424352514165 0.466760001838032 -0.614839286764387 -0.359473397527523 -1.05538820986382 -0.0885349259729866 
2.72504074265829 -0.445851855652098 0.316408262416691 1.10429029702118 -0.415053909223603 1.07953806105695 0.0443214468036896 -0.0634051532890942 0.466741729931334 -0.633686205404847 -0.36072970922038 -1.04088514373209 -0.0516878207077301 
2.74330063116386 -0.425709522049269 0.308491903930434 1.10109148442448 -0.451490441254004 1.07825958160836 0.0528439156378208 -0.0766828170935496 0.466719228483217 -0.652550059559088 -0.361335819568254 -1.02440866733093 -0.0152287872292135 
2.76201703656365 -0.405139186739648 0.299697303362244 1.09625247104634 -0.487639684027042 1.07669637626369 0.0615789638760191 -0.0904298545262336 0.466685807388118 -0.671557189524045 -0.361276267238263 -1.00582261652011 0.0209538766389242 
2.78138788511613 -0.383959715484154 0.289895461134795 1.08976173516906 -0.523608286855269 1.07480607129239 0.0706186450019273 -0.104830111462731 0.466631947919232 -0.690846355808234 -0.360514106136722 -0.984931623706327 0.0569763389360365 
2.8016546779058 -0.361949851590881 0.278910464516529 1.08157584078789 -0.559508221118848 1.07252777759904 0.0800750596335233 -0.120113637487154 0.466543623283508 -0.710577926008158 -0.358985524150052 -0.961462203300739 0.0929645978353395 
2.82230274015007 -0.339710181986855 0.266989776317358 1.07201813278668 -0.594123141662112 1.06988560352093 0.0897071229858847 -0.135945215838626 0.466405951640647 -0.730175421534071 -0.356696899303243 -0.936072916948055 0.127717190021465 
2.84284041197638 -0.31779644383669 0.254444687493011 1.06155150625087 -0.626482865109508 1.06693041998487 0.099284294921217 -0.151985692053038 0.466204652998285 -0.749133976148181 -0.353728982414227 -0.909565814197828 0.160278212111224 
2.86306432738164 -0.296435850101459 0.241462966858384 1.0505608121133 -0.656257678944523 1.06369536020114 0.108710378965445 -0.168098857755105 0.465925184050028 -0.76725951009968 -0.350173345823828 -0.882461954358197 0.190332494894496 
2.88293944442961 -0.2756656963764 0.228139172723933 1.03933296506664 -0.683455610957655 1.06019534756321 0.117967493520764 -0.184271357812954 0.465551940698448 -0.78452965118681 -0.346106666244697 -0.855061607253689 0.217903670259206 
2.90251518953167 -0.255429552223125 0.214507662676176 1.02807533172201 -0.708227003457685 1.05643046113476 0.127076866303416 -0.20055548539908 0.465067272112772 -0.801000908911638 -0.341584528979591 -0.827519846322931 0.243159731344913 
2.92187631140195 -0.235632957401187 0.200567929936083 1.01694204023319 -0.730759788862392 1.05238977439183 0.136075805352391 -0.217034921934656 0.464450544310186 -0.816756816990646 -0.336643735288474 -0.799907118298529 0.266309244552206 
2.94111709605617 -0.216172062225537 0.186301347050606 1.00605612833878 -0.751230895350965 1.04805441811409 0.145005554407369 -0.233806298758957 0.463677276298512 -0.831882355888548 -0.331306901457974 -0.772249829579817 0.287553619052453 
2.9603290284316 -0.196946826848668 0.171681440549143 0.995525138037685 -0.769787394818918 1.04339969796135 0.153905405060152 -0.250970054013335 0.462718299379057 -0.846452871112677 -0.325586845609295 -0.744555084024348 0.307069095439861 
2.97959546457412 -0.177866238858292 0.156680038302304 0.985451158763031 -0.786541765693358 1.0383964744946 0.16281005916789 -0.268626206272709 0.461538890161769 -0.860530235636302 -0.319490097470194 -0.71682495249032 0.32500287553159 
2.99898962431259 -0.158849771225746 0.141271054953751 0.975936899856608 -0.801573110954353 1.03301208044949 0.171748516466142 -0.28687243384079 0.460097852260857 -0.874162309223742 -0.313019571419892 -0.689064466015816 0.341475258693496 
3.01857392530053 -0.139827310282591 0.125433073403104 0.96708904862405 -0.814930439325774 1.0272110187682 0.180743562416432 -0.305802969981334 0.458346553089028 -0.887383708485604 -0.306176635819536 -0.661286078642714 0.356583886236746 
3.03839964742302 -0.120738674966499 0.109151426489878 0.959019696248477 -0.826636342050107 1.02095563872409 0.189811386398901 -0.325507463017458 0.456227958195025 -0.900216963757591 -0.298962812888778 -0.633512233231017 0.370408383855083 
3.0585064464061 -0.10153326011693 0.0924201734631987 0.951846217404756 -0.836690498558831 1.01420694925388 0.198961112870411 -0.346069300424383 0.453675748043963 -0.912673689136948 -0.29138128633361 -0.605776916980371 0.383014750514869 
3.07892153412977 -0.0821700250223633 0.0752441488547299 0.945689713082734 -0.845072970049728 1.00692569710668 0.208194175050902 -0.36756310069893 0.450613651792025 -0.924755672084311 -0.283438323905632 -0.578126612383803 0.394459318257703 
3.09965853349833 -0.0626178711846647 0.0576410902898386 0.940671968510661 -0.851747478110189 0.999073802545344 0.217503559363035 -0.390051231533306 0.446955185706003 -0.936455931360678 -0.275144649652873 -0.550620736977353 0.404792292404186 
3.12071616384006 -0.0428563323068076 0.0396436970854053 0.936910840765242 -0.856664950786021 0.990616194279109 0.22687302903985 -0.413579380823862 0.442604029102889 -0.9477598619723 -0.266516726125255 -0.523331459941379 0.414060921683132 
3.14207704538214 -0.0228763972925135 0.0213013251648635 0.934514085397544 -0.859767601855363 0.981523006822238 0.236276506827696 -0.438171424857094 0.437455287047465 -0.958646609529723 -0.257577831992559 -0.496342660540448 0.422312314807898 
3.16370702319207 -0.00268119506820146 0.00268090249802978 0.933571866952028 -0.860993700450404 0.97177199382618 0.245677852468 -0.46382410961087 0.431397847322186 -0.969090798757977 -0.248358754966029 -0.469747757341157 0.429595853128218 
3.18555546982824 0.0177137964085208 -0.0161334063000701 0.934148554334387 -0.860282988112864 0.961350881726 0.255031289510181 -0.490502345294561 0.424317910590425 -0.979064678134519 -0.23889788321011 -0.443646209039824 0.435965077522439 
3.20755698391021 0.0382813632618412 -0.0350421939990807 0.93627480090779 -0.857582428306149 0.950259272220403 0.264282690423672 -0.51813611860888 0.416103546753254 -0.988540635482242 -0.229240496424591 -0.418138682298908 0.441478881552895 
3.22963472034402 0.0589842541988354 -0.0539346501356346 0.939941206772586 -0.852851688697166 0.938509650731745 0.273371800501891 -0.546620027476733 0.406649837287609 -0.997493904930578 -0.219437150366256 -0.393321179295851 0.446201851409557 
3.25170527234013 0.0797780413877818 -0.0726940681748142 0.945094882298418 -0.846067558311911 0.926127121290462 0.282235280286701 -0.575816139486378 0.395863884706676 -1.00590516267824 -0.209541212111886 -0.369278742812038 0.450203673605235 
3.27368464902634 0.100614964135547 -0.0912044259073556 0.95163985918973 -0.83722649522679 0.913147684144957 0.290810224342429 -0.60556026976697 0.38366882117905 -1.0137626482805 -0.199605798435073 -0.346079589422758 0.45355767404774 
3.29549458407874 0.121448327480096 -0.109357122575878 0.959441561842369 -0.826344738142045 0.899615160738798 0.299037650890718 -0.635671015848847 0.370006023350996 -1.02106348821889 -0.189680528314839 -0.323770545993521 0.456338714791049 
3.31706829721316 0.142236881360056 -0.12705686645425 0.968334672277877 -0.813455848598857 0.885577157933953 0.306865423037515 -0.665960234605506 0.354835051377577 -1.02781403929401 -0.179808556583264 -0.302374437672369 0.45862079722128 
3.3383549656149 0.162948621349854 -0.144225897036942 0.978133006388999 -0.798606036262917 0.871080644006451 0.314250178662574 -0.696243344076744 0.338131281657119 -1.0340292653563 -0.170024281625632 -0.281889662312254 0.460474754605798 
3.35932249423702 0.183563621666919 -0.160806123589931 0.988639712532814 -0.781847985731286 0.856167720544886 0.321158067769671 -0.726347979664192 0.319881632664249 -1.0397313422118 -0.16035194417974 -0.262291732868621 0.461966353067038 
3.3799585747516 0.204075766940089 -0.176759213792403 0.999656261958593 -0.763234034919933 0.840872027288506 0.327564337734533 -0.756120036654185 0.300079045307498 -1.04494779422859 -0.150805123942129 -0.243536225304407 0.463154989612436 
3.40027036071949 0.224493502080404 -0.192065023044738 1.01098918748683 -0.742809440816577 0.825215979761348 0.333451987843852 -0.785426771042068 0.278716410153253 -1.04970948184175 -0.141386964799113 -0.225562416444756 0.464093030663324 
3.42028328504303 0.244839903992731 -0.206718936280776 1.02245411315342 -0.720606183269782 0.809208795706456 0.338809793603235 -0.814157187078969 0.255780464136631 -1.05404869969918 -0.132090857322459 -0.208296926074452 0.464825719133151 
3.44003960183665 0.265152474631466 -0.22072870231442 1.03387710208152 -0.696637406195784 0.79284507355998 0.343629982148663 -0.842220281116044 0.231245892639058 -1.05799754819144 -0.122901279834242 -0.19165682096547 0.465391513556727 
3.45959719751305 0.285483082690501 -0.234111232137473 1.0450936260114 -0.670892257039923 0.776103559662354 0.347905753315673 -0.869541815576271 0.205069550160546 -1.06158664235285 -0.1137945211782 -0.175551810435127 0.465822706879377 
3.47902915377724 0.305898485105208 -0.246889676076189 1.0559455125184 -0.643330583551898 0.75894565803979 0.351628720115464 -0.896060217210872 0.177184393526586 -1.064844143145 -0.104739044039274 -0.15988529530753 0.466146190025312 
3.49842452550387 0.326481893127901 -0.259090943420664 1.06627608691631 -0.613876645454908 0.741313149372308 0.354786206851945 -0.921722005615467 0.147492386622553 -1.06779504250021 -0.0956952634312809 -0.144554081300837 0.466384258832355 
3.51789088508857 0.347336174397888 -0.270743710117642 1.07592342155117 -0.582410597949349 0.723124424573663 0.357358188866639 -0.946476919308625 0.115855198723332 -1.07046059897155 -0.0866144787489966 -0.129446502242543 0.466555399226017 
3.53755947172375 0.36858959752237 -0.281876882402039 1.08471110682628 -0.54875581303014 0.704268194112743 0.359313449607737 -0.970272636738713 0.0820807954125038 -1.07285779163511 -0.0774365672056975 -0.114438470087561 0.466675017617636 
3.55759444738016 0.390405719095192 -0.292518441833483 1.09243511589316 -0.512658736267455 0.684592895611387 0.360604180284437 -0.993048654417826 0.0459026264269143 -1.07499861470658 -0.0680857384509534 -0.099386461475329 0.466756109840541 
3.57820923085107 0.413000535761918 -0.302694582069033 1.09884372527487 -0.47375503882591 0.663888400074605 0.361157546285435 -1.01472836396915 0.00694515364451245 -1.07688893583652 -0.058462964216402 -0.0841153613057166 0.466809885181398 
3.59925296107799 0.436183868441375 -0.31223719631935 1.10352709573268 -0.432395925579405 0.642312176532778 0.360876270435217 -1.03480811198458 -0.0344498731422239 -1.07849604497415 -0.0486390741158657 -0.0687189837480892 0.466845798721629 
3.62002740122553 0.459146585952258 -0.320787977485188 1.10608158069952 -0.390168217828697 0.620620025028635 0.359728276879237 -1.05240548997854 -0.0767042309919558 -1.07976661098089 -0.0389402993940483 -0.0536760907209726 0.466872448820652 
3.64021080174575 0.48148535060356 -0.328242772967414 1.10640831348895 -0.34806374549881 0.599217759430074 0.357759747103012 -1.06723056179161 -0.118833716518057 -1.08070311003363 -0.0295169741355971 -0.0391777516973398 0.466897462016867 
3.6597256411888 0.503069281014016 -0.334633662463833 1.10456554162745 -0.306598101803142 0.578262014174737 0.355038953189727 -1.0793260962908 -0.16032789642424 -1.08133129518875 -0.020405290725894 -0.0252394453366558 0.466925998227382 
3.67862891899791 0.523922253285801 -0.34004702088731 1.10066241562675 -0.265971115218763 0.557758788871102 0.351625584895811 -1.08887641349281 -0.200989875553579 -1.0816810421569 -0.0115785640085004 -0.0117860021339358 0.466960990772342 
3.6970417585828 0.544144011765708 -0.344578590770297 1.09480093686417 -0.226199205380909 0.537633514474162 0.347558723138638 -1.0960983754859 -0.240804585872448 -1.08177752623987 -0.00298013236834061 0.00129743862173437 0.467003791253357 
3.71511105775131 0.563865214149682 -0.348312961871348 1.08705045158074 -0.187203921268707 0.517772872332489 0.34285424276863 -1.10119003529037 -0.279850769239044 -1.08163808648217 0.00545871910271879 0.0141395837096391 0.467054690507751 
3.73297769661021 0.583209935162253 -0.351313930611288 1.07744727010744 -0.148894081747115 0.498061992415509 0.33751002692433 -1.10430961711898 -0.318219080169484 -1.08127192757776 0.0138039036869582 0.0268623470115418 0.467113161916599 
3.75075379126892 0.602269358132504 -0.353623530700845 1.06601172341778 -0.111226842767032 0.478412365279587 0.331515631478027 -1.10557807785633 -0.355951021507955 -1.08068172341209 0.0221078992228185 0.0395663544385477 0.467177864274988 
3.76856890691908 0.621150159904925 -0.355271283994693 1.05272627223425 -0.0741191280128096 0.458712990552382 0.324839959207685 -1.10509159920729 -0.393127612167835 -1.0798631504573 0.0304313247870085 0.052365326973046 0.467246740180645 
3.78656530806112 0.639966593443741 -0.356271252812059 1.03753262047804 -0.0374703499477382 0.438837442748384 0.317430536675136 -1.10291708975621 -0.429846481028743 -1.07880403619212 0.0388407161369242 0.0653844692781714 0.467316830976481 
3.80489945701951 0.658838945246911 -0.356620343555016 1.02032806831291 -0.00117299150458289 0.41864422637202 0.309211131752238 -1.09909169812771 -0.466210916449304 -1.07748317161893 0.0474092118027788 0.0787636298148017 0.467383907953887 
3.82374834167473 0.677896236029442 -0.356296269163499 1.00095853333543 0.0348843815090572 0.397972037470866 0.300076787383834 -1.09362307611709 -0.502326224702855 -1.07586827350031 0.0562194817796651 0.092664542781658 0.467441843193798 
3.84332087970523 0.697282522952871 -0.355253959331928 0.979205673020997 0.070819245957135 0.376629948993422 0.289884955477443 -1.08648857847395 -0.538300799613967 -1.07391247194629 0.0653690038544853 0.107282905452958 0.467481553656833 
3.86380624741242 0.717100376717492 -0.353426552840217 0.95485029130237 0.106642174545462 0.354456520873475 0.278480749610184 -1.07766444082328 -0.574131393201987 -1.07155689759096 0.0749458032300325 0.122814149520916 0.467489218656525 
3.8844530415616 0.736553832907651 -0.350861792802014 0.928883158140628 0.140781812039242 0.332304377682136 0.266263996439971 -1.06762299678676 -0.608229096397963 -1.06885821058978 0.0845977963620432 0.138739838646134 0.467447284358721 
3.90488402756797 0.75526287796274 -0.34765051088394 0.902011710257727 0.172542417577581 0.310598232285197 0.253503050871082 -1.05681246391773 -0.639882243272011 -1.06586111024793 0.0941474600128582 0.154800753660004 0.46733982569443 
3.92496746863559 0.773108065262527 -0.343881735957713 0.874674095799487 0.201758356040121 0.28948396409181 0.24034994392171 -1.04558654499161 -0.668909984198749 -1.06259202935433 0.103531792036004 0.17091244919212 0.467151628158628 
3.94470696497846 0.790104697140713 -0.339625302863399 0.847112097090888 0.228524276767434 0.268955630694645 0.226874475161748 -1.03420316217615 -0.69539107159924 -1.05906032783536 0.112750827701651 0.187091065085262 0.466866794831807 
3.96417010666087 0.806324969296532 -0.334929825805111 0.819444455110606 0.253034343324175 0.248936994369463 0.213095595156185 -1.02284873523667 -0.719501781661203 -1.05526196366599 0.121834230648927 0.203404280126061 0.466467438337029 
3.98344854990152 0.821856594025316 -0.329826439915238 0.79172109286206 0.275501111528044 0.229326477490619 0.199003906553091 -1.01166435120814 -0.741433692502984 -1.05118307151593 0.130822533362147 0.219943258346085 0.46593258097494 
4.00263782987673 0.836783321795526 -0.324333590224517 0.763957947935906 0.296120496752583 0.210019332986445 0.184576011213228 -1.00076602635889 -0.761357697207894 -1.04680265478197 0.13975757901129 0.236808078422981 0.465237200455312 
4.02182807556277 0.85117705299869 -0.318461194952524 0.736157666289921 0.315060127263718 0.190917341393349 0.169783156178833 -0.990258422106355 -0.779411454695203 -1.04209439439204 0.148678038773692 0.254100755816436 0.464351327431485 
4.04110021050637 0.865095537159375 -0.3122138719996 0.708321351589628 0.332458373936599 0.17193228249865 0.154596400612365 -0.980243476400904 -0.79569750020261 -1.03702781965802 0.157617471387235 0.271922124811278 0.463239126266012 
4.060524626653 0.878582499623203 -0.305593387123093 0.680455104221658 0.348427652937602 0.152986607824461 0.138989873242642 -0.970825512776986 -0.810285581024663 -1.03156910744766 0.166603513880452 0.290370408555329 0.461857928087061 
4.08016074674874 0.891668651022999 -0.29860057962374 0.652573698873435 0.363059033212473 0.134013085461217 0.122943118052337 -0.962113943257592 -0.823216257487692 -1.02568173648421 0.175657461571403 0.309540244384159 0.460157224275219 
4.10005668150075 0.904372889945538 -0.291236990110413 0.62470275496748 0.376426906268335 0.114954291187118 0.106443121439909 -0.954224206786544 -0.834504576663909 -1.01932718113265 0.184793868670504 0.329521451819066 0.458077670395574 
4.12024861938974 0.91670344709034 -0.283506348865803 0.596880102999703 0.388593288937518 0.0957623486999002 0.0894863402404718 -0.947277217327193 -0.844143487653455 -1.01246579579024 0.194020008625332 0.350397114327492 0.455550198715938 
4.14075983750745 0.928658941714409 -0.275416010865724 0.569156630472699 0.399611680983952 0.0763990699558803 0.0720808518153122 -0.941397350908227 -0.852107073643596 -1.00505801167029 0.203335159050412 0.372240720435529 0.452495392659645 
4.16159939342667 0.940229434749341 -0.266978348871181 0.541596614763847 0.409530521175508 0.0568364957328038 0.054248581531953 -0.93670887504033 -0.858353854882009 -0.997065930482141 0.212729767339229 0.395112260276485 0.448823333706501 
4.18276070343558 0.951397617302404 -0.258212038255839 0.514277367066101 0.418396292185576 0.0370577233299405 0.036027405238128 -0.933330723943369 -0.862830468321464 -0.988455340632342 0.222184633017712 0.419053356877269 0.444434176135888 
4.20422034748266 0.962140285141486 -0.249143089769076 0.487287908164698 0.426256272999112 0.0170578052265158 0.0174727740400191 -0.931369665463685 -0.865475985453353 -0.979198090367998 0.231670315729058 0.444081757298988 0.439219712454241 
4.22593755012955 0.972430218463237 -0.239805422525476 0.460726387842237 0.433160860807269 -0.00315559038068444 -0.00134160802321504 -0.930912197560738 -0.866226990087843 -0.969274628082549 0.241147030548692 0.470185809718502 0.433066129280574 
4.24785482717237 0.982238506313168 -0.23024074327923 0.434696071344851 0.439165311944573 -0.0235621253016314 -0.020324555203773 -0.932015920375438 -0.865023302739866 -0.958676381011533 0.250565298483004 0.497319849030588 0.425857990795293 
4.26990020552973 0.991537230032462 -0.220497537933234 0.409299959710921 0.444330715336678 -0.0441296981415259 -0.0393700114096269 -0.934701551046453 -0.861813936799562 -0.947407531890933 0.259867549342861 0.525401591335534 0.417483221462885 
4.29199118574604 1.0003022745802 -0.210629104246855 0.384634450579989 0.448724041930536 -0.0648165472744982 -0.0583616080362138 -0.938947009844824 -0.856562580173559 -0.935485727305697 0.268990712283069 0.554312559264836 0.407838538243023 
4.31404024656675 1.00851591805446 -0.200690746832249 0.360782784429692 0.45241722189925 -0.0855745576249749 -0.0771788522058348 -0.944684921534161 -0.849251729316089 -0.922941360429482 0.277869599038085 0.58390213710447 0.396834507416839 
4.33596129073378 1.01616881310885 -0.19073646269501 0.337809220378656 0.455485367247293 -0.10635349486676 -0.0957041910367015 -0.951804351806163 -0.839884666602734 -0.909815318242087 0.286440653731712 0.613995131427509 0.384399299355441 
4.35767614924478 1.0232610515814 -0.180815589492389 0.31575483383469 0.458004426319608 -0.127105645808473 -0.11382991161826 -0.960156730429696 -0.828484797071988 -0.896155405772926 0.294645501110649 0.644401896595007 0.370480370752381 
4.37912022053468 1.0298021801408 -0.170969905726754 0.294635511016586 0.460048663053505 -0.147790235274729 -0.131463832446978 -0.969564982107757 -0.815092360646294 -0.882011944866071 0.302433738173733 0.674929471091173 0.355043697592789 
4.4002465454104 1.0358102485006 -0.161231550957772 0.274442237838899 0.461688355871034 -0.168377062938489 -0.148533032360306 -0.979834231211596 -0.799759036153987 -0.867433185562106 0.309764583318079 0.705391993372699 0.338070680282953 
4.42102801757535 1.04131014628189 -0.151621923322672 0.25514331460537 0.462988013693052 -0.188849026051099 -0.164985331380494 -0.990762281833216 -0.782541276827672 -0.852461120230788 0.316607254703168 0.735618967227848 0.31955326313462 
4.4414578520574 1.04633156805892 -0.142151490638215 0.236687820425253 0.464005254742993 -0.20920347759347 -0.180788707174143 -1.00214838795667 -0.763493271769114 -0.837128090465449 0.322940197812359 0.765460567531415 0.299488017026121 
4.46154874957099 1.05090693150703 -0.132820287735934 0.219009559280587 0.464790344675867 -0.22945262014986 -0.195929156355262 -1.01379942139214 -0.742660237371342 -0.821454311357168 0.328749444091197 0.794789862111551 0.277869892695474 
4.48133134768745 1.05506949072149 -0.123618794940637 0.2020308068577 0.465386285018606 -0.249623297352638 -0.210407635574901 -1.02553316362665 -0.720072407624399 -0.805446193368849 0.334026430515538 0.823502356768957 0.254686122605793 
4.50085255961458 1.05885177850065 -0.114528889720502 0.185665356651982 0.465829294083664 -0.26975661147934 -0.224236671885613 -1.03717890370658 -0.695739724115768 -0.789095167021311 0.338765561606115 0.851513547054597 0.229910430032104 
4.52017433240059 1.06228441219901 -0.105524602099433 0.169820547137999 0.466149521223286 -0.289907800304922 -0.237437087072972 -1.04857574156243 -0.669646895369038 -0.772376611894086 0.342961689172405 0.878755194424432 0.203497374145753 
4.53937328171372 1.0653952246769 -0.0965724468976056 0.154398076650034 0.466371862639758 -0.310146798735617 -0.250035108470287 -1.05956898706661 -0.6417482092609 -0.755248425941283 0.346607555367893 0.905170910416577 0.175376346621142 
4.55854164532069 1.06820863586949 -0.0876311196143942 0.139293443374398 0.466516784997773 -0.330559946185792 -0.262059987504459 -1.07000485562146 -0.611961189562017 -0.737648689683691 0.349691107118853 0.930711412247064 0.145444404564245 
4.57779010545855 1.07074515214454 -0.0786502972772188 0.124393757463134 0.466601099797607 -0.35125344328644 -0.27354213786727 -1.07972331769389 -0.580157774161875 -0.719491708858098 0.352192435144489 0.955329560230763 0.113556674364268 
4.59725335407529 1.07302085430118 -0.0695681376114405 0.109573410815606 0.466638661260569 -0.372359511946871 -0.284511739148506 -1.08854842204906 -0.546150947266169 -0.700661342354308 0.354079876759947 0.978975011233459 0.0795122860055997 
4.61710000891744 1.07504668783664 -0.0603067290856555 0.0946865283946794 0.466640982475291 -0.394046979641886 -0.29499772108623 -1.09627450475887 -0.509673250555919 -0.680999708194754 0.355304450171886 1.00158797636419 0.0430322680806289 
4.6375501142998 1.07682725889335 -0.050763986575548 0.0795539203157553 0.466617780814674 -0.416539699315113 -0.305027040450284 -1.1026449359864 -0.470340319608927 -0.66028755957823 0.355791027025832 1.02309101567065 0.00372253879425322 
4.6582920562747 1.0783191445457 -0.041085760045191 0.0643867180487818 0.466578818609689 -0.439468346226568 -0.314360255271448 -1.10721207625727 -0.428837326505193 -0.638850798319131 0.355446015316639 1.04282535820849 -0.0377414921044959 
4.67870048650611 1.0794816697953 -0.0315640481791092 0.0496086463911831 0.466534344521592 -0.462100283490198 -0.322687956363693 -1.10962386025337 -0.386655316251347 -0.617381386305103 0.354252004542803 1.06001521386219 -0.0798790282702444 
4.69850201456218 1.08032259454616 -0.0223263827886874 0.0353768828163064 0.466492008391213 -0.484085131334766 -0.329933390014915 -1.10981221906848 -0.344702070156223 -0.596237463211387 0.352259772803603 1.07443533625218 -0.121789938234989 
4.71764543689359 1.08086850509804 -0.0133964981065744 0.0216900622651441 0.466456322004224 -0.505322196634941 -0.336139972931036 -1.10784851005187 -0.303434413546859 -0.575546308463095 0.349536471037611 1.08615844778672 -0.163021908457365 
4.73619933143634 1.08114809442023 -0.0047422028317138 0.00846673721110117 0.466429382939151 -0.525849640523487 -0.341396348824464 -1.10384449696087 -0.26301678375382 -0.55529845389674 0.346138551656179 1.09537775974977 -0.203412599185331 
4.75428808187966 1.08118473984985 0.00369472333092392 -0.00440869347353717 0.466411708145837 -0.545772193026161 -0.345796403627341 -1.09789997799951 -0.223446783861909 -0.535412546823685 0.342101680296418 1.10230867147304 -0.242964924283927 
4.77205776257125 1.08099400755507 0.0119825945215886 -0.0170632097589032 0.466402805693292 -0.565220759264716 -0.349421478553832 -1.09008050742395 -0.184637296783042 -0.51577324829035 0.337438884032244 1.10714371718285 -0.28176550891025 
4.78963961352194 1.08058383021274 0.0201827757499979 -0.0296110404393943 0.466401459950142 -0.584309844322571 -0.352330993316317 -1.08042295488772 -0.146509805189515 -0.49627398589017 0.33214821756632 1.11003399532711 -0.319891654760627 
4.80714760643191 1.07995582435447 0.0283485439655109 -0.0421534895702383 0.466405768250094 -0.603133443587426 -0.354565409722757 -1.06894355318045 -0.109011259338756 -0.476822380767042 0.326216865757247 1.11109704275069 -0.357394508911338 
4.82471109008678 1.07910468450894 0.0365403074864174 -0.0548036885657125 0.466413069000669 -0.621798648742639 -0.356152223058991 -1.0556206624107 -0.072053990753071 -0.457306035766297 0.319611915572574 1.11042435097642 -0.394359078247597 
4.84247131857579 1.07801738109014 0.0448239758625634 -0.067685844391638 0.466419743038144 -0.640419170864569 -0.35710348105179 -1.04039210705673 -0.0355357113939876 -0.437598210225564 0.312279505189227 1.10807795144837 -0.430884031644156 
4.86058368153439 1.07667195248019 0.0532719798483761 -0.0809388853541573 0.466420813296089 -0.659114621574692 -0.357414235651081 -1.02315138055034 0.000651553076849963 -0.417557330905493 0.304142255802705 1.1040902659045 -0.467072366372939 
4.87922449254202 1.0750354083622 0.0619664001901926 -0.0947240196977586 0.466409263673197 -0.678013712663179 -0.357060487626344 -1.00374030132051 0.0366194432285961 -0.397021695699014 0.295094087436152 1.09846432101827 -0.503028706901792 
4.89860278652408 1.07306012171227 0.0710044017516273 -0.109237114968664 0.466374899794176 -0.697260940186858 -0.355995475863436 -0.981935559633459 0.0724860451241361 -0.375799181525412 0.284991074111809 1.09117267460212 -0.538860944918311 
4.91880574449598 1.07069926543153 0.0804260264716548 -0.124595523387668 0.466303181419728 -0.716861199512012 -0.354161842739626 -0.957640246942889 0.108085455867023 -0.353838065919512 0.273735816267972 1.08223577033056 -0.574388637286751 
4.93913219202995 1.06800831548317 0.089903334379282 -0.140313839003268 0.46617960158346 -0.736070747981572 -0.351610449917725 -0.931808748331456 0.141944528363322 -0.331937567501591 0.261707115538444 1.07212258733472 -0.608124129946782 
4.95923661864864 1.0650296506444 0.099274055726339 -0.156154191630028 0.465990042739434 -0.754541207437924 -0.348430005493456 -0.905114600368353 0.173426988453483 -0.310488443206477 0.249155949767117 1.06126879199838 -0.639417031192917 
4.97900336478941 1.06178752107502 0.108482922819341 -0.172043178500491 0.465720189569601 -0.772168134156329 -0.344705724850291 -0.877971852881549 0.202394875533896 -0.289619386918685 0.236222802030952 1.05001503138204 -0.668115065103496 
4.99844228787397 1.05828970987958 0.117532970558224 -0.188001261209842 0.465354508160414 -0.788971893309754 -0.340503858562775 -0.850607745673318 0.228951686370159 -0.269317816569824 0.222970888004552 1.03860900688316 -0.694306194530572 
5.01762206777424 1.05453122363823 0.126454356791115 -0.20409670982876 0.464875221511606 -0.805024843737754 -0.335870265909748 -0.823133265843034 0.253291354186768 -0.249506379900471 0.209415909118634 1.02722997567179 -0.718166575698374 
5.03663314186484 1.05049773657402 0.135286978980276 -0.220419445794065 0.46426139293452 -0.820412894685375 -0.330834137145077 -0.795594668118924 0.275622683650238 -0.23008484188864 0.195547158164802 1.01601411391299 -0.739884076584758 
5.05556905402636 1.04616813278971 0.144071660740297 -0.237067526986936 0.463488082098353 -0.835217501387029 -0.325412574547108 -0.768006387353577 0.296137010792805 -0.210950631402678 0.181340913806811 1.00507391434051 -0.759625092891157 
5.0745179241957 1.04151619277802 0.152846039337168 -0.254140715805626 0.462525508851283 -0.849508429814863 -0.319614538615695 -0.74037054589242 0.314997677156076 -0.192007762963151 0.166768499278528 0.994511261698047 -0.777523186007358 
5.0935589930803 1.03651167196831 0.161642797910236 -0.271737635726071 0.461338176343614 -0.863341696894491 -0.313443899493074 -0.712688024135727 0.332339418060874 -0.173169975073813 0.151801101582839 0.984425659861799 -0.793677594404488 
5.11276144285057 1.03112102780603 0.170488933875948 -0.28995448861505 0.459883933690829 -0.876759748604183 -0.306901754307889 -0.684964629684313 0.348271689864981 -0.154361279201843 0.136412820431941 0.974919118299364 -0.80815562355581 
5.13218402182599 1.02530801086295 0.17940537575677 -0.308884181575637 0.45811299064242 -0.889792441092401 -0.299988255283789 -0.657214581207171 0.362883173528167 -0.135515569770542 0.12058287952702 0.966098762782808 -0.820996164170587 
5.15187473399483 1.019034294742 0.188406605977982 -0.328615195469766 0.455966933414763 -0.902458184705971 -0.2927041621981 -0.629462584141004 0.376246302874645 -0.116576110036026 0.104297556220119 0.958077779610771 -0.832213236289407 
5.17187025368404 1.01226028891134 0.197500139100686 -0.349229789379782 0.453377834757018 -0.914765018124543 -0.285052270771132 -0.601745162312956 0.388421424786568 -0.0974952707867881 0.0875521316704464 0.950974951692739 -0.841799259543585 
5.19219495718764 1.00494625257233 0.206685820994956 -0.370801294782481 0.450267603030159 -0.926711587433805 -0.277038801088939 -0.574111514823272 0.399460526186773 -0.0782346651385238 0.0703529800939842 0.944912809605754 -0.849728129216932 
5.21285962213686 0.997053794903069 0.215954999021667 -0.393390389667851 0.446547769950299 -0.938288112011499 -0.268674760552461 -0.546623906309469 0.409410576135823 -0.0587656828915658 0.052719761530795 0.940014295977321 -0.855958346086121 
5.23385998156757 0.988547794400638 0.225289688366336 -0.417040409998869 0.442119961754914 -0.949477471920469 -0.259977222576714 -0.519357423179811 0.418316537242913 -0.0390703224801651 0.0346875342103786 0.936397833178681 -0.860436498997826 
5.2551754493298 0.979398686644712 0.234661929877466 -0.44177198381193 0.436877310698649 -0.960256565850846 -0.250970387705889 -0.492398825053322 0.426224051256862 -0.0191421207938614 0.0163084578284239 0.934170808865252 -0.86310136195551 
5.27676844361672 0.969584953315329 0.244033588899531 -0.467577558713189 0.430707011629477 -0.970598063415008 -0.241686229483243 -0.465844202841614 0.433181729636447 0.00101311009968327 -0.00234735941628754 0.933421761554804 -0.863888741265923 
5.298584786949 0.959095510452068 0.253356858008118 -0.494416685409554 0.423494082703657 -0.980472604350649 -0.232164495525452 -0.439795248786412 0.439242907650677 0.0213770938985854 -0.0211923624826651 0.934211934195967 -0.862736990354333 
5.32055560155068 0.947931578287128 0.262575669649393 -0.522213114098671 0.415126142924538 -0.989851380818534 -0.222451862530558 -0.414354164215362 0.444466679942009 0.0419198025314102 -0.0401238071188336 0.936567278314034 -0.859592822866546 
5.34260091078758 0.936107573787729 0.271628080177929 -0.550854724690721 0.40549871028966 -0.998708897585533 -0.212600151643044 -0.389617551588212 0.448918055657128 0.0626013237978079 -0.059027928534884 0.940472276278934 -0.854416765946788 
5.36463481356666 0.923650650992108 0.280449470661574 -0.58019694985687 0.394520245403611 -1.00702558155582 -0.20266368958324 -0.365669972621003 0.452667166917965 0.0833749305637157 -0.0777857810783331 0.945866922477874 -0.847187412321576 
5.38657170612306 0.910598735312942 0.288976181198586 -0.610069683203187 0.38211603831235 -1.01478986053495 -0.192696104609286 -0.342578074189633 0.45578762021018 0.10419112522201 -0.0962800765892987 0.95264775739282 -0.837903658522529 
5.40833272446613 0.896997205149463 0.29714903991557 -0.640286871856683 0.368230151782009 -1.0219993880124 -0.182747000844734 -0.320386172846142 0.458354247496203 0.125002182862936 -0.114402039070835 0.960673044702826 -0.826584399278211 
5.42985149827154 0.882894663729804 0.304916235051772 -0.670657353012061 0.352824988431833 -1.02866124946162 -0.172858993521645 -0.299113916733083 0.46044062905245 0.145766585731818 -0.132057241530126 0.969771269745145 -0.813265617484282 
5.45107848458274 0.868338408362362 0.312235120383959 -0.700995249615001 0.335878526970801 -1.03479119262079 -0.163065490806481 -0.278756195646645 0.462116777934248 0.166452784258435 -0.149169629577477 0.979751445261648 -0.797995304905048 
5.47198351665316 0.853370188270731 0.319072784703546 -0.731128464002619 0.317379700686485 -1.04041210527912 -0.153389413358 -0.259285006323793 0.463447294272414 0.187041917008394 -0.165683371345545 0.990413470326414 -0.780826994958898 
5.49255661906127 0.838022668588463 0.325405462768179 -0.760904373331671 0.297322626310153 -1.04555206300944 -0.143842824754628 -0.240652650805632 0.464490155190948 0.207529394420983 -0.181562638013551 1.0015570241373 -0.761812781501101 
5.51280747177364 0.82231676499756 0.33121703822632 -0.790192497754503 0.275700384434809 -1.05024227149384 -0.134427273750227 -0.222795521304651 0.465296158095758 0.227925506496282 -0.196789764476092 1.01298801905915 -0.740996542530566 
5.53276408553981 0.806259766574305 0.336496953355059 -0.818884459905202 0.25249884944508 -1.05451515731109 -0.125134557525774 -0.205637783067757 0.465908924450851 0.248255390736792 -0.211362395829284 1.02452224297296 -0.71840777389593 
5.55247128699418 0.789843977321721 0.341237806457753 -0.846891864665629 0.22769075908165 -1.05840275787169 -0.115947598805089 -0.189094428188743 0.46636531491247 0.268558780549975 -0.225290207652663 1.03598629285437 -0.69405607399412 
5.57198956134304 0.773045488062875 0.345432819980466 -0.874142796737932 0.201229881435784 -1.06193546124243 -0.106841158903207 -0.173073350409769 0.466696098804589 0.288889973179556 -0.238591661077258 1.0472161471477 -0.667925980240372 
5.59139473587723 0.755822611121757 0.349073234775789 -0.900577524603287 0.17304481226529 -1.06514106950835 -0.0977821463191984 -0.157476217371478 0.466926743994229 0.309318458386602 -0.251291088456589 1.05805374197477 -0.639971556259518 
5.61077897718237 0.738113417434548 0.352145545390643 -0.926143791907692 0.143031588153535 -1.06804410841193 -0.0887292920986546 -0.142197951648026 0.467078229361339 0.329930690977389 -0.263416253291987 1.06834174355572 -0.610109817514873 
5.63025368737224 0.71983163372609 0.354628329448753 -0.95079182651745 0.11104382997427 -1.07066527325604 -0.0796319157772624 -0.12712454342567 0.467167818604747 0.350833639529956 -0.27499641367149 1.07791636994312 -0.578211648579016 
5.64995521939788 0.70085976452921 0.356488198799782 -0.974468915940369 0.0768783259468803 -1.07302087120294 -0.0704273526598172 -0.112128651200088 0.467209764738286 0.372161106673736 -0.286060846139963 1.08659756714046 -0.544088090685166 
5.67005509467731 0.681037457054663 0.357674008726155 -0.997113040405094 0.0402523788766767 -1.07512206968068 -0.0610362584900153 -0.0970618656384563 0.467215937925958 0.394084612626019 -0.296637750236139 1.09417490604355 -0.507468316802634 
5.69077810699055 0.660141248596741 0.358107659304705 -1.01864447924358 0.000765822484805771 -1.07697364592689 -0.0513542139154001 -0.0817412543752607 0.467196387206152 0.41683239733015 -0.306753445389304 1.10038573361884 -0.467962209690957 
5.71177383738569 0.638535591823961 0.357694914892212 -1.03836784133437 -0.0408334873331725 -1.07852791509802 -0.0415453820829273 -0.0664054632422896 0.467161168612761 0.439992323274063 -0.316149532809284 1.10477330457666 -0.426327681279588 
5.73242059593093 0.616907785611706 0.356421996714414 -1.0555236245994 -0.0830767828233473 -1.07974409026693 -0.0319004132721147 -0.051473481847587 0.467120646588107 0.462836304655228 -0.324521583442298 1.10699710644699 -0.384043863764759 
5.75244976370281 0.5956111673483 0.354341891784863 -1.06989773289298 -0.125075631347663 -1.08063057717341 -0.0225447676590548 -0.0370974273152207 0.467082513688759 0.485019409825117 -0.331797124125807 1.1069951602082 -0.342006882341096 
5.77181446805074 0.574769173666066 0.35152267518243 -1.08156900332588 -0.166386536717539 -1.08121476449485 -0.0135001847292749 -0.0232716901227135 0.467051284425004 0.506445590828793 -0.338022490453154 1.10484069344859 -0.300664747707464 
5.79058688651255 0.554369482841313 0.348020815845869 -1.09073333516594 -0.20685294471634 -1.08152605030234 -0.00473274974840196 -0.00991145908330377 0.467029041773139 0.52715656746103 -0.343288066097466 1.10064479424924 -0.260176097056798 
5.80889444335159 0.534328554704778 0.343871383765394 -1.09760687301302 -0.24648128025219 -1.08158832910775 0.00381725349796977 0.00310162278944597 0.467016278738192 0.54725977440298 -0.347688637263362 1.09450525022357 -0.220534998486001 
5.82688596722919 0.514529177281251 0.339086352296055 -1.1023819112673 -0.28536025211901 -1.08141746843574 0.0122195153076941 0.0158969942765285 0.467012469246848 0.566888291154496 -0.351305867603748 1.08648491699077 -0.181652217127837 
5.84469336104426 0.494865111704307 0.333663048652978 -1.10520872164499 -0.32356456161557 -1.08102151168885 0.0205357920666208 0.028589862644266 0.467016340450061 0.586156399984552 -0.354198840719597 1.07661885900072 -0.143451778834491 
5.86243225800933 0.475243139795228 0.327587565942246 -1.10620458595815 -0.361144821489202 -1.08040200849491 0.0288202082139586 0.0412832720825285 0.467025899919924 0.60515886869969 -0.356407774156204 1.06492131387562 -0.105881078430721 
5.88023428633769 0.455549439230337 0.320825390035111 -1.10546075912063 -0.398185876665628 -1.07955339653612 0.0371343172638585 0.0540926104756404 0.467038363727155 0.624003957305792 -0.357959707298968 1.05136814864499 -0.0688524870615271 
5.89824360920499 0.435655261607169 0.313320454390393 -1.10303900548366 -0.434786470232345 -1.07846213372215 0.0455454743728085 0.0671449448944701 0.467049938500266 0.64280687211499 -0.3588659287632 1.03589406058919 -0.0322634682679202 
5.91661931822154 0.415416319749938 0.304992391088112 -1.098971415481 -0.471049849982584 -1.07710540577359 0.0541279324511887 0.0805828851404061 0.46705539065296 0.66168908602366 -0.3591203235393 1.0183885303406 0.00399445932962564 
5.9355425630983 0.39466721359041 0.295731030423279 -1.09326058381901 -0.507081068415522 -1.07544889652301 0.062966131696059 0.0945725340790173 0.467047315059077 0.680781682932609 -0.358697162119336 0.998688049739997 0.0400337533564461 
5.95522896048604 0.373210623760578 0.285386709268534 -1.08587847877174 -0.542988687767295 -1.07344295254301 0.0721604211680221 0.109316543058301 0.46701490866714 0.700232328782441 -0.357547130436555 0.976561935713439 0.075973779100156 
5.97568855734145 0.351079521450737 0.273904564161999 -1.07688465986546 -0.578452052452818 -1.07104847021903 0.0817148342744944 0.12487570028698 0.466943043706534 0.719968948768295 -0.355619398436492 0.95200895957848 0.111509008746285 
5.99623870920304 0.329048291947072 0.261661354991686 -1.06675108590223 -0.612045794949604 -1.06832029724406 0.0913095802085724 0.140778293872743 0.466816561451821 0.739272005296995 -0.352970935200257 0.92597279202949 0.145229233497784 
6.0165489199839 0.307488719890893 0.248903815590979 -1.05590964202212 -0.643161514367498 -1.06529993682293 0.100789109738596 0.156797604499713 0.466620789132744 0.757811216932041 -0.349692925329573 0.899112037522409 0.176540725234755 
6.03651329414973 0.286517734458717 0.235768463592063 -1.04469585566955 -0.67166957903234 -1.06201078336616 0.1101025595619 0.172867721506035 0.466340845185108 0.775493048907446 -0.345871023153962 0.871828134163517 0.205328733847234 
6.05614732724389 0.2661163286622 0.222315610315492 -1.03335349699112 -0.697667810872985 -1.05845987552368 0.119255509510457 0.18901375697303 0.465960546060955 0.792343546861481 -0.341571119825948 0.844339740018091 0.231707264812031 
6.07552269475027 0.246203981720345 0.208559108952067 -1.02205963802407 -0.721335162202403 -1.05464157675692 0.128279448810027 0.205306834421063 0.465461337231799 0.808437595036583 -0.336838557762092 0.816752803603008 0.255873824970605 
6.09473127458147 0.226679083984984 0.194487240440051 -1.01094977405168 -0.742858836962304 -1.05054098185357 0.137214871504099 0.221838689717421 0.464821346066377 0.823861897868594 -0.331702111944149 0.789111084334262 0.278037490895927 
6.11386714670406 0.207438625244983 0.180075903864253 -1.00013680310803 -0.76240305218951 -1.04613642915453 0.146102748821523 0.238708598945634 0.46401451301904 0.838697803909548 -0.326178652685775 0.761428204162392 0.298388539170471 
6.13301840523036 0.188386664984296 0.165296544742011 -0.989723726426494 -0.780098626612866 -1.04140117533609 0.15498056455294 0.256017160460659 0.46300973338689 0.853014510351805 -0.320277109294949 0.733706565965836 0.317088893225977 
6.15226385772138 0.169437258687562 0.150120914307687 -0.979811579968947 -0.796041918328442 -1.0363044817299 0.163880610235185 0.273863516274654 0.46176996195791 0.866867223042347 -0.314001524542871 0.705948063694294 0.334271956370533 
6.17167189258738 0.150514927536774 0.134524111213136 -0.970504080121943 -0.810297391588432 -1.03081236799084 0.172829267559533 0.292344036162691 0.460251264306238 0.880297440454068 -0.307353378772667 0.678160043959253 0.350046127282195 
6.19130009122737 0.131554260423856 0.118486819859946 -0.961910012033608 -0.822901210947383 -1.024888248317 0.181846612702313 0.311551342117145 0.45840183325333 0.893333987893149 -0.300333432562257 0.650358669916464 0.364499377694054 
6.21119487644907 0.112499428215259 0.101997284072556 -0.954143937584439 -0.833864838718182 -1.01849362492969 0.190946015143625 0.33157302233382 0.456161028293921 0.90599419671444 -0.292943299216179 0.62257091525062 0.377703810424262 
6.23139088068444 0.0933039652630775 0.0850532998190976 -0.94732545847535 -0.843178377966949 -1.01158898182731 0.200133592788091 0.35248964359546 0.453458542036131 0.918285016564235 -0.285186892607187 0.594835814879891 0.389719835930819 
6.2519099482399 0.073930943999122 0.0676643236313429 -0.941577047804927 -0.850813762803134 -1.00413499273582 0.209407501596491 0.374371836042892 0.450213850573105 0.930204048736705 -0.277071825227832 0.567205211762036 0.40059991223003 
6.27275984745245 0.0543535283402874 0.0498536345479729 -0.937020357278122 -0.856728052180898 -0.996094118967053 0.218757124182386 0.39727637316848 0.446336157887963 0.941740590626772 -0.268610758730358 0.539743984109643 0.410391894292936 
6.29393290724077 0.0345557841947518 0.0316603362180625 -0.933770924076666 -0.860867119930894 -0.987432612712656 0.228162297855884 0.421241353617985 0.441725082745366 0.952876828517911 -0.259822634073945 0.512529570458682 0.41914203718553 
6.3154049199306 0.0145335273205984 0.0131408444712507 -0.931931356053467 -0.863169978341378 -0.978122849817732 0.237592790435608 0.446280834413572 0.436272334847043 0.963589322497139 -0.250733634906857 0.485650521639896 0.426897643494336 
6.3259 0.00475565238026414 0.00407832948493605 -0.931572246467673 -0.863606647774702 -0.973373909791085 0.242156425790422 0.458791966759356 0.433293431225466 0.968618257410827 -0.246234755275356 0.472780279708318 0.430313216549236 
