r R_0 R_1 R_2
0.1 0.0327492301231193 0.00408307884888727 0.00120922160446717
0.2 0.107251207365702 0.0132634381998633 0.00392210254608257
0.3 0.19757218899385 0.0240858523999144 0.00710342930714947
0.4 0.287570537035022 0.0343203863570247 0.0100816768415573
0.5 0.367879441171442 0.0426466870110445 0.0124591190897668
0.6 0.433719665153571 0.0484051863034931 0.0140395802708644
0.7 0.483330049325549 0.0514027862587083 0.0147708909408134
0.8 0.516855086066318 0.0517626966663039 0.0146995446378018
0.9 0.535568397837941 0.0498098654389702 0.0139354250636995
1 0.541341132946451 0.0459849301464303 0.0126247973180803
1.1 0.536287286473696 0.0407808686415609 0.0109300360202147
1.2 0.522535410947016 0.0346975732122857 0.00901480379801638
1.3 0.502089388728897 0.0282104472264332 0.00703360050725486
1.4 0.476750890981709 0.0217498522196497 0.00512478100193417
1.5 0.448083615310776 0.0156888393854365 0.0034062911219578
1.6 0.41740496873847 0.0103371017213264 0.00197350115183336
1.7 0.385795000741369 0.00593949807576453 0.000898626281584073
1.8 0.354115442916912 0.0026778419891897 0.000231317154748572
1.9 0.323033945603031 0.000674928394242139 8.26855364432313E-08
2 0.293050222219747 0 0.000214273952641956
2.1 0.264521975113227 0.000675041060744564 0.000866413866198395
2.2 0.237689300523405 0.00268143643236848 0.00193470397196057
2.3 0.212696844356447 0.00596665443705337 0.0033855785239245
2.4 0.189613372009421 0.0104507082189403 0.00517620797304934
2.5 0.168448674977137 0.0160322262937302 0.00725688028480954
2.6 0.149167901937371 0.0225940224928004 0.00957320987890104
2.7 0.131703500286585 0.0300081015072075 0.0120681412312816
2.8 0.115965006148905 0.0381400712785367 0.0146837279406498
2.9 0.101846941634442 0.0468529596682815 0.0173626788980115
3 0.0892350783599889 0.0560104519138469 0.0200496715906093
3.1 0.078011313659208 0.0654795787940662 0.0226924389334634
3.2 0.0680573859092044 0.0751328943729246 0.0252426407068673
3.3 0.0592576317155862 0.0848501876461451 0.0276565339883694
3.4 0.0515009628363437 0.0945197751816356 0.0298954591599944
3.5 0.0446822163121713 0.104039422572207 0.0319261593635783
3.6 0.0387030083062471 0.113316941733412 0.0337209518531141
3.7 0.0334722011994554 0.122270509203144 0.0352577697076982
3.8 0.0289060747955297 0.130828747969228 0.0365200919515422
3.9 0.0249282761211302 0.138930612232171 0.0374967793864055
4 0.0214696081857608 0.146525111109873 0.0381818324658752
4.1 0.0184677060449268 0.153570903768863 0.0385740864034401
4.2 0.0158666383940595 0.160035794943502 0.0386768574669013
4.3 0.0136164644996542 0.165896156369662 0.038497553118427
4.4 0.0116727693353937 0.171136296376852 0.0380472573507743
4.5 0.00999619413102104 0.175747796796411 0.0373403012758979
4.6 0.00855197497149157 0.179728833481197 0.0363938277654293
4.7 0.00730949843258403 0.18308349410955 0.0352273577406401
4.8 0.00624188035499709 0.185821104569233 0.0338623645749905
4.9 0.00532557160946628 0.187955573083954 0.0323218620137269
5 0.00453999297624849 0.189504759349279 0.030630010037523
5.1 0.00386719995589654 0.190489874275585 0.0288117422035147
5.2 0.00329157736218894 0.190934914479835 0.0268924171878207
5.3 0.0027995628534317 0.190866134410403 0.0248974965276729
5.4 0.00237939807787909 0.190311557914116 0.022852249916238
5.5 0.00202090579561972 0.18930053014573 0.0207814888357381
5.6 0.00171529115447902 0.187863309961226 0.0187093288205413
5.7 0.00145496521014312 0.186030702311785 0.0166589802169504
5.8 0.00123338876578948 0.183833729650168 0.0146525669456277
5.9 0.0010449346440953 0.181303340961198 0.0127109724709535
6 0.000884766578879262 0.178470156719978 0.0108537119340647
6.1 0.000748733012562467 0.175364247853143 0.00909882920786198
6.2 0.000633274199670691 0.172014946618554 0.00746281747801345
6.3 0.000535341138571936 0.168450687217391 0.00596056183921801
6.4 0.000452324978202575 0.164698873900275 0.00460530231623027
6.5 0.000381995669779798 0.160785774317734 0.00340861567014309
6.6 0.000322448752666671 0.156736435887726 0.00238041432820476
6.7 0.000272059276776442 0.152574623002533 0.00152896077631119
6.8 0.000229441969988793 0.14832277296867 0.000860895773850921
6.9 0.000193416857337714 0.144001968661345 0.000381278787661182
7 0.000162979628944299 0.139631925975535 9.36390926227232E-05
7.1 0.000137276135819939 0.135230994264939 3.6048304256114E-08
7.2 0.000115580466971715 0.130816168075115 0.00010112713173836
7.3 9.72761280582414E-05 0.126403108595243 0.000396242383800972
7.4 8.18399016170067E-05 0.122006173372015 0.000883464008935511
7.5 6.88280221129108E-05 0.117638452947459 0.00155970995349201
7.6 5.78643462662573E-05 0.113311813198476 0.00242082037532607
7.7 4.86302408352125E-05 0.109036942268426 0.0034616460052986
7.8 4.08559467699744E-05 0.104823401089353 0.00467613748888117
7.9 3.43132109198297E-05 0.100679676596675 0.00605743488231593
8 2.88090047281303E-05 0.0966132368359234 0.00759795656195309
8.1 2.41801740302354E-05 0.0926305872530599 0.00928948688688052
8.2 2.02888855777411E-05 0.0887373275458734 0.0111232620332725
8.3 1.70187546163252E-05 0.0849382085338297 0.0130900534936248
8.4 1.42715540775422E-05 0.0812371885775848 0.0151802488049144
8.5 1.19644200072891E-05 0.0776374891472568 0.017383929136517
8.6 1.0027480014621E-05 0.0741416492006169 0.0196909434312778
8.7 8.40184202420809E-06 0.0707515780888408 0.0220909788514055
8.8 7.0378896672163E-06 0.0674686067585756 0.024573627334801
8.9 5.89383843732951E-06 0.0642935370650921 0.0271284481170836
9 4.93451343728689E-06 0.0612266890525039 0.0297450261199963
9.1 4.13031529275216E-06 0.0582679460937196 0.0324130261481486
9.2 3.45634574258121E-06 0.0554167978152654 0.0351222428733382
9.3 2.89166863947156E-06 0.0526723807606701 0.037862646619101
9.4 2.41868571009272E-06 0.0500335167710376 0.04062442498786
9.5 2.02260951395095E-06 0.047498749083035 0.0433980203992516
9.6 1.69101867908414E-06 0.045066376163079 0.0461741636310804
9.7 1.41348274402853E-06 0.0427344833122842 0.0489439034741009
9.8 1.18124585454199E-06 0.040500972089991 0.0516986326286412
9.9 9.86960197968582E-07 0.0383635876146762 0.0544301099851565
10 8.24461448975423E-07 0.0363199438099879 0.057130479442354
10.1 6.88579683057779E-07 0.0343675466707556 0.0597922854257353
10.2 5.7498021910366E-07 0.0325038156293104 0.0624084852764677
10.3 4.8002970554421E-07 0.030726103106493 0.0649724586856067
10.4 4.00683488582643E-07 0.0290317123345064 0.0674780143520135
10.5 3.34390914870915E-07 0.0274179135404369 0.0699193940440458
10.6 2.79015741200236E-07 0.025881958579976 0.072291274245383
10.7 2.32769264314831E-07 0.0244210941107546 0.0745887655643553
10.8 1.94154156824922E-07 0.0230325733938696 0.0768074100840242
10.9 1.61917310601958E-07 0.0217136668107593 0.0789431768271424
11 1.35010255694856E-07 0.0204616711806497 0.08099245550615
11.1 1.12555948126428E-07 0.0192739179614612 0.0829520487236459
11.2 9.38209102242972E-08 0.018147780414388 0.0848191627834416
11.3 7.81918677754921E-08 0.0170806798094312 0.0865913972664437
11.4 6.51561638266177E-08 0.0160700907460307 0.0882667335193391
11.5 5.4285343251703E-08 0.0151135456596633 0.089843522197446
11.6 4.5221398560514E-08 0.0142086385818948 0.0913204699962313
11.7 3.76652486047381E-08 0.0133530282179442 0.0926966256989601
11.8 3.13670902163337E-08 0.0125444404023641 0.0939713656607874
11.9 2.61183203784917E-08 0.0117806699900003 0.0951443788424046
12 2.17447749750476E-08 0.0110595822359908 0.0962156514991501
12.1 1.81010709181785E-08 0.0103791137152196 0.0971854516243407
12.2 1.50658727250972E-08 0.00973727282837488 0.0980543132385209
12.3 1.25379334230365E-08 0.00913213993858615 0.0988230206093869
12.4 1.04327838701497E-08 0.00856186717954773 0.0994925924803704
12.5 8.67996491560251E-09 0.00802467797307956 0.100064266379266
12.6 7.22071389890393E-09 0.00751886629124284 0.100539483071905
12.7 6.0060313239798E-09 0.00704279569542055 0.100919871219718
12.8 4.99506557387597E-09 0.00659489818219354 0.101207232294099
12.9 4.15376362479956E-09 0.00617367286339629 0.101403525794824
13 3.45374418297081E-09 0.00577768450541945 0.101510854814377
13.1 2.87135676499256E-09 0.00540556195064126 0.101531451984864
13.2 2.38689619137493E-09 0.0050559964418134 0.101467665839382
13.3 1.98394694787285E-09 0.00472773986829634 0.101321947615055
13.4 1.64883604544711E-09 0.0044196029512333 0.101096838520675
13.5 1.37017650725699E-09 0.00413045338306441 0.100794957487796
13.6 1.13848653962669E-09 0.00385921393521151 0.100418989420376
13.7 9.45871895361389E-10 0.00360486054630403 0.0999716739545199
13.8 7.85760989338326E-10 0.00336642040196292 0.0994557947366074
13.9 6.52684042776965E-10 0.00314297001590772 0.098874169225093
14 5.42088968384112E-10 0.00293363332099739 0.0982296390184735
14.1 4.5018790929585E-10 0.0027375797777524 0.0975250607093868
14.2 3.73829348654122E-10 0.00255402250692996 0.0967632972624883
14.3 3.10391545834481E-10 0.00238221645183041 0.0959472099116548
14.4 2.57693756662803E-10 0.00222145657519637 0.0950796505701718
14.5 2.13922280944399E-10 0.00207107609482223 0.0941634547458628
14.6 1.77568870144556E-10 0.0019304447613158 0.0932014349516179
14.7 1.4737943690321E-10 0.00179896718084081 0.0921963746004374
14.8 1.22311349464597E-10 0.0016760811851163 0.0911510223729498
14.9 1.01497879125805E-10 0.00156125625044992 0.0900680870443531
15 8.42186067195615E-11 0.00145399196713524 0.0889502327568685
15.1 6.98747926962008E-11 0.00135381656014286 0.0878000747230749
15.2 5.79688810391503E-11 0.00126028546167908 0.0866201753449008
15.3 4.80874454575921E-11 0.00117297993586954 0.0854130407325741
15.4 3.98870015802119E-11 0.00109150575554634 0.084181117607471
15.5 3.30822050123965E-11 0.00101549193087228 0.0829267905725437
15.6 2.74360352805881E-11 0.000944589489321808 0.08165237973384
15.7 2.2751632515761E-11 0.000878470306353181 0.080360138656549
15.8 1.88655094316411E-11 0.000816825985946546 0.0790522526390056
15.9 1.56419075767222E-11 0.000759366790047283 0.0777308372881542
16 1.29681055222724E-11 0.000705820615839193 0.0763979373801109
16.1 1.07505188769198E-11 0.000655932019677259 0.0750555259896502
16.2 8.91145886499724E-12 0.000609461286432082 0.0737055038726911
16.3 7.38643856595456E-12 0.000566183542936234 0.0723496990861427
16.4 6.1219345328178E-12 0.000525887914175048 0.070989866829805
16.5 5.0735270120176E-12 0.000488376720829134 0.0696276894953796
16.6 4.20435489462465E-12 0.000453464716751986 0.0682647769080455
16.7 3.48383227348962E-12 0.000420978364952025 0.0669026667464761
16.8 2.8865824233023E-12 0.000390755150643105 0.0655428251276125
16.9 2.39155246235676E-12 0.000362642929930067 0.0641866473429759
17 1.98127814686257E-12 0.000336499312705007 0.0628354587337699
17.1 1.64127340017511E-12 0.000312191078345023 0.0614905156925139
17.2 1.35952346462443E-12 0.000289593622822254 0.0601530067794406
17.3 1.12606412790708E-12 0.000268590435861359 0.058824053942388
17.4 9.32632440213357E-13 0.000249072606807649 0.0575047138294176
17.5 7.72376803118006E-13 0.000230938357900055 0.0561959791838925
17.6 6.39616360639332E-13 0.00021409260367672 0.0548987803122438
17.7 5.29641326600815E-13 0.000198446535276505 0.0536139866151524
17.8 4.38547298640863E-13 0.000183917228436867 0.052342408173358
17.9 3.63097786296322E-13 0.000170427274026858 0.0510847973797916
18 3.00610158799567E-13 0.000157904429993181 0.0498418506101984
18.1 2.4886103108552E-13 0.000146281293636945 0.0486142099248821
18.2 2.06007781880719E-13 0.000135494993178734 0.0474024647946535
18.3 1.70523458833483E-13 0.000125486897609617 0.0462071538445071
18.4 1.41142791732741E-13 0.00011620234386558 0.0450287666089769
18.5 1.16817421996436E-13 0.000107590380402359 0.0438677452935379
18.6 9.66787781304579E-14 9.96035262865979E-05 0.0427244865368228
18.7 8.00072938587044E-14 9.21975449576759E-05 0.0415993431688076
18.8 6.62068873269211E-14 8.53312318520713E-05 0.0404926259604977
18.9 5.47838038540452E-14 7.89662151189525E-05 0.0394046053609999
19 4.53290775171735E-14 7.30667686914782E-05 0.0383355132182156
19.1 3.7503993706124E-14 6.75996370131696E-05 0.0372855444797141
19.2 3.10280400717389E-14 6.25338707525314E-05 0.0362548588706654
19.3 2.56689206754109E-14 5.78406728718501E-05 0.0352435825460075
19.4 2.12342806639009E-14 5.34932544477599E-05 0.0342518097143139
19.5 1.7564848967157E-14 4.94666996717086E-05 0.0332796042310937
19.6 1.4528756443905E-14 4.57378394878659E-05 0.0323270011595174
19.7 1.20168283214289E-14 4.22851333543177E-05 0.0313940082968054
19.8 9.93868413808982E-15 3.90885586405457E-05 0.0304806076647432
19.9 8.21950690047072E-15 3.61295072002483E-05 0.029586756963008
20 6.79736680846654E-15 3.33906886835046E-05 0.0287123909841926
20.1 5.62100450883466E-15 3.08560401761467E-05 0.027857422989606
20.2 4.64799509773504E-15 2.85106417770073E-05 0.0270217460451061
20.3 3.84322757591416E-15 2.63406377454666E-05 0.0262052343163933
20.4 3.17764563975868E-15 2.43331628724669E-05 0.0254077443233415
20.5 2.62720496027212E-15 2.24762737479241E-05 0.0246291161530983
20.6 2.17200978607655E-15 2.07588846162594E-05 0.0238691746318091
20.7 1.79559807628062E-15 1.91707075296515E-05 0.0231277304549571
20.8 1.48434964887904E-15 1.77021965255812E-05 0.0224045812764131
20.9 1.22699620642043E-15 1.63444955713521E-05 0.0216995127564051
21 1.01421572742138E-15 1.508939003355E-05 0.0210122995687076
21.1 8.3829671750273E-16 1.39292614448772E-05 0.0203427063674409
21.2 6.92860304712681E-16 1.28570453545069E-05 0.0196904887139505
21.3 5.72630227080319E-16 1.18661920610756E-05 0.0190553939643101
21.4 4.73242470169163E-16 1.09506300396912E-05 0.0184371621180534
21.5 3.91087728850591E-16 1.01047318859296E-05 0.0178355266288027
21.6 3.23181040915607E-16 9.32328261073275E-06 0.0172502151775103
21.7 2.67053912129496E-16 8.60145013045553E-06 0.0166809504090756
21.8 2.20665057424215E-16 7.93475780604896E-06 0.0161274506331418
21.9 1.8232654973031E-16 7.319058894555E-06 0.0155894304899069
22 1.5064272018835E-16 6.7505127847428E-06 0.015066601581818
22.1 1.24459610804114E-16 6.22556289686534E-06 0.0145586730720375
22.2 1.02823159310438E-16 5.74091613418844E-06 0.014065352250593
22.3 8.49446095691264E-17 5.29352378115918E-06 0.0135863450691379
22.4 7.01719004728606E-17 4.88056374986794E-06 0.0131213566452595
22.5 5.79660012561252E-17 4.49942408283591E-06 0.012670091737285
22.6 4.78813390729113E-17 4.14768762615098E-06 0.0122322551905338
22.7 3.95496120074553E-17 3.82311779260224E-06 0.0118075523559739
22.8 3.26664026208144E-17 3.52364533974349E-06 0.0113956894822337
22.9 2.69801080646535E-17 3.24735609277128E-06 0.0109963740819204
23 2.22827863285839E-17 2.99247954675013E-06 0.0106093152731887
23.1 1.84025873222316E-17 2.75737828707315E-06 0.0102342240974983
23.2 1.51974947069624E-17 2.54053817112968E-06 0.00987081381448457
23.3 1.25501517376741E-17 2.3405592179749E-06 0.00951880017485973
23.4 1.03635835521713E-17 2.15614715637824E-06 0.00917790167224533
23.5 8.55766076176999E-18 1.98610558497922E-06 0.00884783977482455
23.6 7.06617601723366E-18 1.82932870141658E-06 0.00852833913768516
23.7 5.83442741361704E-18 1.68479456023076E-06 0.00821912779670848
23.8 4.81722095468918E-18 1.5515588220843E-06 0.00791993734484082
23.9 3.97721948341133E-18 1.42874895940945E-06 0.00763050309156543
24 3.28357804663511E-18 1.31555888599038E-06 0.0073505642063737
24.1 2.71081605266266E-18 1.21124398022629E-06 0.00707986384701375
24.2 2.23788517440699E-18 1.11511647391439E-06 0.0068181492732745
24.3 1.84739905880415E-18 1.0265411803442E-06 0.00656517194704202
24.4 1.52499678156966E-18 9.44931537318096E-07 0.00632068761934337
24.5 1.25881684777357E-18 8.69745942414048E-07 0.00608445640507277
24.6 1.03906255879765E-18 8.00484359393766E-07 0.00585624284607138
24.7 8.57642890459923E-19 7.3668517613942E-07 0.0056358159632125
24.8 7.07875775762586E-19 6.77922295882326E-07 0.00542294929812021
24.9 5.8424295837936E-19 6.23802444773419E-07 0.00521742094512918
25 4.8218746199098E-19 5.73962680044216E-07 0.00501901357407129
25.1 3.97946274018941E-19 5.2806808412385E-07 0.00482751444445333
25.2 3.28412126542103E-19 4.85809631118256E-07 0.00464271541156891
25.3 2.71019318810307E-19 4.46902213026316E-07 0.00446441292506693
25.4 2.23649403339492E-19 4.11082813969798E-07 0.00429240802047807
25.5 1.84553282961025E-19 3.78108821553507E-07 0.00412650630418067
25.6 1.52286865767339E-19 3.47756465253245E-07 0.0039665179322674
25.7 1.25657920447549E-19 3.19819372456143E-07 0.00381225758375425
25.8 1.03682184067712E-19 2.94107233453933E-07 0.00366354442855482
25.9 8.55471128275553E-20 2.70444567318535E-07 0.00352020209062329
26 7.05819460438148E-20 2.48669581173898E-07 0.00338205860665211
26.1 5.82329847601393E-20 2.2863311592141E-07 0.00324894638069154
26.2 4.8043177389829E-20 2.10197671981281E-07 0.00312070213504184
26.3 3.96352626252801E-20 1.93236509081523E-07 0.00299716685775108
26.4 3.26978502548218E-20 1.77632814562122E-07 0.00287818574703566
26.5 2.69739282731149E-20 1.63278935066935E-07 0.00276360815292449
26.6 2.22513736897167E-20 1.50075666871841E-07 0.00265328751641228
26.7 1.83551179837211E-20 1.37931600446856E-07 0.00254708130639245
26.8 1.51406789082516E-20 1.26762515173973E-07 0.00244485095462574
26.9 1.24888205384743E-20 1.16490820443334E-07 0.00234646178898651
27 1.03011449165376E-20 1.07045039629452E-07 0.00225178296521525
27.1 8.49645289361552E-21 9.83593337082104E-08 0.00216068739739281
27.2 7.00774005682939E-21 9.0373061515567E-08 0.00207305168733929
27.3 5.77971699323069E-21 8.30303738717642E-08 0.00198875605312845
27.4 4.766762440378E-21 7.62798390014192E-08 0.00190768425689691
27.5 3.9312338106477E-21 7.0074096871479E-08 0.00182972353211627
27.6 3.24207273874157E-21 6.43695402465957E-08 0.00175476451048548
27.7 2.67365417175519E-21 5.91260204260971E-08 0.00168270114859072
27.8 2.20483649757095E-21 5.43065757792574E-08 0.00161343065446996
27.9 1.81817761981187E-21 4.98771813369184E-08 0.00154685341421035
28 1.49928800838648E-21 4.58065178284575E-08 0.00148287291869712
28.1 1.23629680867308E-21 4.20657586743763E-08 0.00142139569062447
28.2 1.01941126541003E-21 3.86283735571304E-08 0.00136233121187067
28.3 8.40553162824382E-22 3.54699472968285E-08 0.00130559185133157
28.4 6.93058827192843E-22 3.25680128547471E-08 0.0012510927932995
28.5 5.71431586567659E-22 2.99018973767633E-08 0.00119875196646747
28.6 4.7113752127497E-22 2.74525802713307E-08 0.0011484899736316
28.7 3.8843693940861E-22 2.52025623930035E-08 0.00110023002215872
28.8 3.20245332865491E-22 2.31357454731865E-08 0.0010538978552796
28.9 2.64018660197248E-22 2.12373210051766E-08 0.00100942168426281
29 2.17658702898713E-22 1.94936678510584E-08 0.000966732121518821
29.1 1.79434984923043E-22 1.7892257893965E-08 0.000925762114678356
29.2 1.47920358624573E-22 1.64215691109685E-08 0.00088644688168485
29.3 1.21937866622679E-22 1.50710054897168E-08 0.000848723846935608
29.4 1.0051690694575E-22 1.38308232561817E-08 0.000812532578502429
29.5 8.28570736866521E-23 1.26920629217896E-08 0.000777814726458091
29.6 6.82983300212327E-23 1.16464866960189E-08 0.000744513962331436
29.7 5.62964053287208E-23 1.06865208454998E-08 0.00071257591971011
29.8 4.64025019910657E-23 9.80520261294838E-09 0.000681948136006692
29.9 3.8246557406218E-23 8.99613133911711E-09 0.000652579995400775
