r R_0 R_1 R_2
0.1 0.0325975173187274 0.00408888843384988 0.00123914329547502
0.2 0.106789790662592 0.0132848013740517 0.00401976923862683
0.3 0.196787485372297 0.024129585408004 0.00728153773805748
0.4 0.286523451605948 0.0343904408285163 0.0103363761203576
0.5 0.366661590548383 0.0427444007382862 0.0127765222028067
0.6 0.432427328876554 0.0485296391178643 0.0144006037645912
0.7 0.482049827901214 0.0515512165348285 0.015154754870386
0.8 0.515657153041256 0.0519309251755429 0.0150862086787415
0.9 0.534504433076018 0.0499927071258764 0.01430719054742
1 0.540445013005362 0.0461765736542659 0.0129672649972036
1.1 0.535577226931192 0.0409752121689176 0.0112325750250581
1.2 0.522016757041738 0.0348885108243551 0.00927065752499933
1.3 0.501757506262374 0.0283921060214155 0.00723973384635274
1.4 0.476593886131793 0.0219167788571816 0.0052815483482496
1.5 0.448084720084264 0.0158361417219088 0.00351699158232776
1.6 0.417544536097945 0.0104605475252528 0.00204387103516109
1.7 0.386052084430851 0.0060355770166827 0.000936307288288167
1.8 0.354469024106835 0.0027437950681067 0.000245329693054778
1.9 0.323463812322387 0.00070875088388283 3.25120041794091E-07
2 0.293537581943336 4.2221799580696E-07 0.000211062432561438
2.1 0.265049829815634 0.000641491574891064 0.000870072319046395
2.2 0.238242656273479 0.002613992082171 0.00195520963967924
2.3 0.213262772959955 0.00586598065237916 0.00343226518510733
2.4 0.190180981788081 0.0103179934768377 0.00525752683914731
2.5 0.169009003711095 0.0158691120866536 0.0073802160214977
2.6 0.149713769437115 0.0224025329402647 0.00974474928165704
2.7 0.132229330109117 0.0297905733431296 0.0122927893532898
2.8 0.116466642531019 0.0378990863948513 0.0149650673751264
2.9 0.102321455023832 0.0465912797318333 0.0177029669128584
3 0.0896805873837392 0.0557309600096458 0.0204498697240627
3.1 0.0784268082095735 0.065185222600558 0.0231522704746554
3.2 0.0684425740832867 0.074826637451689 0.0257606701429069
3.3 0.059612793946453 0.084534965946724 0.0282302647749845
3.4 0.0518268302547106 0.0941984563938328 0.0305214441993475
3.5 0.0449798625274675 0.103714775514564 0.0326001212872092
3.6 0.0389737555788923 0.112991606800257 0.0344379093586596
3.7 0.0337175436440633 0.12194697744405 0.0360121657470042
3.8 0.0291276126028875 0.130509342034534 0.0373059225789929
3.9 0.0251276653547877 0.138617473616114 0.0383077194691493
4 0.0216485156499422 0.146220190451528 0.0390113570488565
4.1 0.0186277790219515 0.15327595555347 0.0394155861761158
4.2 0.0160094777709949 0.159752375970747 0.0395237462499149
4.3 0.0137436067225001 0.16562562421067 0.0393433672898534
4.4 0.0117856728057307 0.170879814071468 0.0388857455049574
4.5 0.010096230862072 0.175506337289498 0.0381655048598648
4.6 0.00864042548644313 0.179503186776508 0.0372001513463381
4.7 0.007387549321545 0.182874274414201 0.0360096289478096
4.8 0.00631062502091344 0.185628762184552 0.0346158848923828
4.9 0.00538601145912791 0.187780400564456 0.0330424463877841
5 0.00459304128621466 0.189346907427281 0.031314018891341
5.1 0.00391368545233427 0.190349358228845 0.0294561028800389
5.2 0.00333224924690292 0.190811629806266 0.0274946382840945
5.3 0.00283509578180899 0.190759865750846 0.0254556729589099
5.4 0.00241039794493429 0.190221991792407 0.0233650620258522
5.5 0.00204791454305359 0.18922726553284 0.0212481938589724
5.6 0.00173879239164956 0.18780587031395 0.019129747278617
5.7 0.00147538920255667 0.185988544222861 0.0170334764597027
5.8 0.00125111753899891 0.183806254666782 0.0149820252792351
5.9 0.00106030634540201 0.181289904786296 0.0129967690337658
6 0.00089808003882068 0.178470077397099 0.0110976836078156
6.1 0.000760251793881897 0.175376814137463 0.00930323954379458
6.2 0.00064323012640629 0.17203942695841 0.00763032057179119
6.3 0.000543937894304386 0.168486336071864 0.00609416455000421
6.4 0.000459741112486262 0.164744937514366 0.00470832518321404
6.5 0.000388387610244428 0.160841498080641 0.00348465344831966
6.6 0.00032795307888962 0.156801068157689 0.0024332961151981
6.7 0.000276795271914363 0.152647421178553 0.00156271048760829
6.8 0.000233513563345259 0.148403006673493 0.000879692954066975
6.9 0.000196914521803762 0.144088923785277 0.000389420379869861
7 0.000165981965631097 0.139724907591761 9.55022357425373E-05
7.1 0.000139851371629938 0.135329329519839 4.23453293494729E-08
7.2 0.000117787786444018 0.130919208661996 0.000103708415220789
7.3 9.91667674141291E-05 0.126510231923527 0.000405808243862725
7.4 8.34582137507713E-05 0.122116784971916 0.000904371202703097
7.5 7.02123212252544E-05 0.117751986018916 0.00159623384153416
7.6 5.90477342200725E-05 0.113427731497919 0.00247712841385509
7.7 4.96412437115263E-05 0.109154738845769 0.00354177340442643
7.8 4.17191633524283E-05 0.104942598888642 0.00478396498279363
7.9 3.504981691743E-05 0.100799829036948 0.00619666885147056
8 2.94372269836304E-05 0.0967339272398337 0.00777211110287579
8.1 2.47156613058539E-05 0.0927514281660252 0.00950186846241393
8.2 2.07450853712174E-05 0.0888579609544357 0.0113769558754353
8.3 1.74071982512704E-05 0.0850583042179528 0.0133879121692156
8.4 1.46021388000438E-05 0.0813564445572861 0.015524883067457
8.5 1.2245622975389E-05 0.0777556298760704 0.0177777003128665
8.6 1.02665650709886E-05 0.0742584249655995 0.0201359581262862
8.7 8.60502339862697E-06 0.0708667635235371 0.022589084955179
8.8 7.21047773677857E-06 0.067582000221149 0.0251264122464038
8.9 6.04037601152205E-06 0.0644049596199048 0.0277372379072614
9 5.05887544708461E-06 0.0613359827377717 0.0304108869356344
9.1 4.23581617463153E-06 0.0583749738262145 0.0331367666456371
9.2 3.54580464027461E-06 0.0555214407787143 0.0359044176282746
9.3 2.9674988312205E-06 0.052774538595032 0.038703561397978
9.4 2.48293565833602E-06 0.0501331055139807 0.0415241424718792
9.5 2.07702943608973E-06 0.0475957009824252 0.0443563670532491
9.6 1.73709169792739E-06 0.0451606376053831 0.0471907377843231
9.7 1.45247667633533E-06 0.0428260143988117 0.0500180836116204
9.8 1.21423629872722E-06 0.0405897451754167 0.0528295865873519
9.9 1.01486246765446E-06 0.0384495864991811 0.0556168048039424
10 8.48051435259791E-07 0.0364031631171278 0.0583716917606499
10.1 7.08516216291155E-07 0.0344479905534608 0.0610866119432519
10.2 5.91822722087671E-07 0.0325814970053224 0.0637543540742312
10.3 4.94253959847484E-07 0.0308010425855525 0.0663681402483673
10.4 4.12692577021089E-07 0.0291039379026856 0.0689216330435053
10.5 3.44526958636636E-07 0.0274874593000846 0.0714089393946211
10.6 2.87568641011783E-07 0.0259488645089866 0.0738246130970564
10.7 2.39985057206657E-07 0.0244854049823148 0.076163652965361
10.8 2.0023910156212E-07 0.0230943383563495 0.0784215010196193
10.9 1.67047290209249E-07 0.0217729385080374 0.080594037617858
11 1.39334591406715E-07 0.0205185058725893 0.0826775744402704
11.1 1.16200286779275E-07 0.019328374500505 0.0846688474996302
11.2 9.68905602004061E-08 0.0181999198934428 0.0865650073536601
11.3 8.07767025830592E-08 0.0171305651402257 0.0883636074863551
11.4 6.73325562562448E-08 0.0161177861064413 0.0900625937435708
11.5 5.61169306944387E-08 0.0151591164661121 0.0916602908434435
11.6 4.67622353541382E-08 0.0142521508601141 0.0931553888047038
11.7 3.89616401216974E-08 0.0133945483442582 0.0945469289519942
11.8 3.24579638585726E-08 0.0125840349070556 0.0958342886472738
11.9 2.70357425295908E-08 0.0118184051521881 0.0970171655935339
12 2.25160377852444E-08 0.011095524157207 0.0980955630857016
12.1 1.87494630752007E-08 0.0104133278153341 0.0990697731224594
12.2 1.56108884118378E-08 0.00976982384562169 0.0999403609150617
12.3 1.29958274921594E-08 0.0091630916970575 0.100708147969246
12.4 1.08174274884165E-08 0.00859128230715022 0.101374196771988
12.5 9.00303342047849E-09 0.00805261817324788 0.101939793627975
12.6 7.49192937468525E-09 0.00754539192327766 0.102406433746485
12.7 6.23359223283627E-09 0.00706796570745835 0.102775804456148
12.8 5.18597460177172E-09 0.00661877018094668 0.103049770600175
12.9 4.3140766993643E-09 0.00619630294425833 0.103230358340864
13 3.58823928347788E-09 0.00579912721038841 0.103319741677241
13.1 2.98420477331633E-09 0.00542587026724169 0.103320226728549
13.2 2.48142164537076E-09 0.00507522173578397 0.103234238182959
13.3 2.06321769497873E-09 0.00474593183436834 0.103064306377752
13.4 1.71520210888661E-09 0.004436809735912 0.102813053019514
13.5 1.42579155766736E-09 0.00414672140228697 0.102483179710252
13.6 1.18510130455386E-09 0.00387458812574381 0.10207745514037
13.7 9.84946209290074E-10 0.00361938402347056 0.101598703836316
13.8 8.18485974314159E-10 0.00338013477261166 0.101049794765045
13.9 6.80074828065293E-10 0.00315591530719189 0.100433631960919
14 5.65054338608651E-10 0.00294584791646404 0.0997531428196886
14.1 4.69403263786881E-10 0.00274910056577492 0.0990112704092936
14.2 3.8993823070317E-10 0.00256488486718391 0.098210963606065
14.3 3.23859837804972E-10 0.00239245425386773 0.0973551690041773
14.4 2.68951201174676E-10 0.00223110233169579 0.0964468232737562
14.5 2.23298048089622E-10 0.00208016078617424 0.0954888458880224
14.6 1.85412841625788E-10 0.00193899814011008 0.0944841321995752
14.7 1.53948349446496E-10 0.00180701748973028 0.0934355468038595
14.8 1.27820093940043E-10 0.00168365547653633 0.0923459190248284
14.9 1.06113567437953E-10 0.0015683802841675 0.0912180357449856
15 8.80892622494715E-11 0.00146069031148212 0.0900546383913913
15.1 7.31157022207318E-11 0.00136011262206304 0.0888584172678524
15.2 6.06840426383589E-11 0.0012662015141544 0.0876320082970626
15.3 5.03624608508161E-11 0.00117853716683239 0.0863779886182232
15.4 4.17918595807004E-11 0.00109672432545358 0.0850988745801194
15.5 3.46737837656811E-11 0.00102039101365304 0.0837971181742239
15.6 2.87611180220932E-11 0.000949187218833783 0.0824751043945683
15.7 2.38530362716781E-11 0.000882783946778506 0.081135150015435
15.8 1.9783570703683E-11 0.000820871865584544 0.0797795007191853
15.9 1.64126942791828E-11 0.000763160445113248 0.0784103304125986
16 1.3616734076899E-11 0.000709376734162688 0.0770297401348723
16.1 1.12907597535126E-11 0.000659264507409202 0.0756397569096559
16.2 9.36531135200274E-12 0.0006125833147288 0.0742423325288982
16.3 7.76429772705112E-12 0.000569107587849243 0.0728393445672598
16.4 6.43749420047414E-12 0.00052862578570855 0.0714325947179092
16.5 5.33515215591514E-12 0.000490939525903904 0.0700238102622668
16.6 4.42613147743126E-12 0.000455862992964499 0.0686146432213832
16.7 3.66908093168215E-12 0.000423222030377655 0.067206671523631
16.8 3.03895083523176E-12 0.000392853614633227 0.0658013985565383
16.9 2.51756721321057E-12 0.000364605050088738 0.0644002555151727
17 2.08512208769764E-12 0.000338333448981451 0.0630046009129714
17.1 1.7278002268363E-12 0.00031390507920802 0.0616157228118131
17.2 1.43086841715387E-12 0.00029119494808936 0.0602348385780898
17.3 1.1857320788303E-12 0.000270086078799661 0.0588630976435843
17.4 9.80665858184489E-13 0.00025046916471918 0.0575015814740871
17.5 8.11704935237665E-13 0.000232242014349324 0.0561513063509825
17.6 6.72094216856418E-13 0.000215309186845762 0.0548132239858416
17.7 5.57233964632727E-13 0.000199581549410017 0.0534882232910571
17.8 4.6264545530393E-13 0.000184975842748469 0.0521771319455653
17.9 3.83663767293972E-13 0.000171414330798911 0.0508807183530308
18 3.17596637268648E-13 0.000158824502897701 0.0495996932619226
18.1 2.62364313677877E-13 0.000147138665030034 0.0483347113906444
18.2 2.17573564070748E-13 0.000136293704863445 0.0470863735814435
18.3 1.79899240016418E-13 0.000126230736466849 0.0458552279042006
18.4 1.48972802546394E-13 0.000116894864000182 0.0446417722547594
18.5 1.2314933359315E-13 0.000108234901991449 0.0434464557612476
18.6 1.01901019969584E-13 0.000100203182686854 0.0422696806149268
18.7 8.39325987888694E-14 9.27552691121194E-05 0.0411118040657533
18.8 6.96570503183172E-14 8.58497711232743E-05 0.0399731398053447
18.9 5.78812600656572E-14 7.94481442987003E-05 0.0388539603115572
19 4.79795308899619E-14 7.35145101752635E-05 0.0377544982949672
19.1 3.98564327975483E-14 6.801544352296E-05 0.0366749485087315
19.2 3.31133768817716E-14 6.29198740173551E-05 0.0356154695765237
19.3 2.73953436293015E-14 5.81988518438051E-05 0.0345761855910572
19.4 2.24999529946697E-14 5.382547042722E-05 0.0335571877067967
19.5 1.87605320119203E-14 4.97746867565792E-05 0.0325585362228299
19.6 1.55984928854325E-14 4.60232294018778E-05 0.0315802614760183
19.7 1.28670119190513E-14 4.25494432601565E-05 0.0306223661248617
19.8 1.04828811312576E-14 3.93332177205937E-05 0.0296848262287949
19.9 8.53692743034655E-15 3.63558426467228E-05 0.0287675930128469
20 6.97240884358262E-15 3.35999459579333E-05 0.0278705940530751
20.1 5.73991608480094E-15 3.1049382596279E-05 0.0269937350549989
20.2 4.72306355411907E-15 2.86891553291351E-05 0.0261369009222773
20.3 3.95574688735082E-15 2.65053367362752E-05 0.0252999571692526
20.4 3.31857802438025E-15 2.44849953625297E-05 0.0244827514991768
20.5 2.78756922877745E-15 2.26161212514655E-05 0.0236851144549363
20.6 2.27999960028031E-15 2.08875745119636E-05 0.0229068612772671
20.7 1.95011317416994E-15 1.92890079760784E-05 0.0221477925939383
20.8 1.64078292214293E-15 1.78108300972969E-05 0.0214076958958947
20.9 1.32394876672263E-15 1.64441301851169E-05 0.0206863463094188
21 1.02804911757125E-15 1.51806563593298E-05 0.0199835078514319
21.1 8.35806203179147E-16 1.40127417817458E-05 0.0192989344015675
21.2 6.63905541460917E-16 1.29332867919962E-05 0.0186323704418531
21.3 5.20179964273551E-16 1.19357021965746E-05 0.0179835523463704
21.4 4.4555225578525E-16 1.10138806556288E-05 0.0173522089299653
21.5 4.16207476712123E-16 1.01621617146825E-05 0.0167380624302328
21.6 3.65365644398846E-16 9.37530248094523E-06 0.0161408294229781
21.7 2.95575661069073E-16 8.64844263843042E-06 0.0155602212179326
21.8 2.50024482810769E-16 7.9770795223604E-06 0.0149959450787422
21.9 1.98035031481056E-16 7.35704263393168E-06 0.0144477043034174
22 1.70991161315401E-16 6.78446570434606E-06 0.0139151996359101
22.1 1.30059689614658E-16 6.25577423223657E-06 0.0133981291338597
22.2 1.10395364402829E-16 5.76765505521792E-06 0.0128961892222555
22.3 6.86254198404811E-17 5.31703761502747E-06 0.0124090750825665
22.4 6.18980470396317E-17 4.90108523965932E-06 0.0119364810902615
22.5 4.50614004828375E-17 4.51716833286963E-06 0.0114781016224247
22.6 4.28892234164262E-17 4.16285561545392E-06 0.0110336311201162
22.7 3.44966853619897E-17 3.83589490013742E-06 0.0106027649331243
22.8 2.99618017430592E-17 3.53420654839749E-06 0.0101851992021715
22.9 1.7907302435831E-17 3.25586134535691E-06 0.0097806318762186
23 9.6520664838252E-18 2.999078791043E-06 0.009388762516142
23.1 7.72486583112114E-18 2.7622110362275E-06 0.00900929295439947
23.2 6.38581878586809E-18 2.54373325718219E-06 0.00864192744364866
23.3 8.49594000117994E-18 2.34223722512328E-06 0.00828637297232574
23.4 9.24422980649076E-18 2.15641907958226E-06 0.00794233959873938
23.5 9.14536810148929E-18 1.98507659342244E-06 0.0076095405569353
23.6 6.85616297009994E-18 1.82709451659705E-06 0.00728769260620224
23.7 6.35982594376478E-18 1.68144554883422E-06 0.00697651614201542
23.8 2.91113820508966E-18 1.54717623959742E-06 0.00667573546052557
23.9 2.37977613471301E-18 1.4234119963468E-06 0.00638507891387833
24 2.60824786064724E-18 1.3093390323659E-06 0.00610427898654772
24.1 3.34220932293478E-18 1.20420844608309E-06 0.00583307247545255
24.2 2.85747638574402E-19 1.10732674636851E-06 0.00557120064811588
24.3 1.40998041088358E-18 1.01805437994857E-06 0.00531840931763629
24.4 6.184042551611E-18 9.3580137123116E-07 0.00507444897682703
24.5 1.19383570741242E-17 8.60021649004167E-07 0.00483907481255616
24.6 8.79563136224597E-18 7.90212629111236E-07 0.00461204679006849
24.7 8.98779524635081E-18 7.25907698347675E-07 0.00439312971764352
24.8 7.24859520365322E-18 6.66679249828222E-07 0.00418209340178841
24.9 3.47544809649772E-18 6.12131005182005E-07 0.00397871249090955
25 1.95857729529294E-18 5.61898262495575E-07 0.00378276669641757
25.1 3.08018189076056E-18 5.15642456959035E-07 0.0035940406605506
25.2 3.10160643023164E-18 4.73052550153472E-07 0.00341232404849166
25.3 3.42108442190678E-18 4.33841446654356E-07 0.00323741153407672
25.4 1.90332325804946E-18 3.9774336468776E-07 0.00306910287257088
25.5 2.7615334688842E-18 3.64515466409745E-07 0.00290720275381455
25.6 1.86040241933919E-18 3.33931263835109E-07 0.00275152092257845
25.7 9.74612318372287E-19 3.0578358058078E-07 0.00260187207474632
25.8 9.31287091840627E-20 2.79880544264324E-07 0.00245807588839079
25.9 2.59504711733003E-19 2.56045131258557E-07 0.00231995694334353
26 1.08866955347521E-18 2.34115118063793E-07 0.00218734481913495
26.1 1.50070147730349E-20 2.13939978061402E-07 0.00206007387050994
26.2 3.25726968788507E-21 1.95381827635544E-07 0.00193798332991351
26.3 1.41195343018763E-19 1.78311923748019E-07 0.00182091720058571
26.4 2.15601323987771E-18 1.6261377521523E-07 0.00170872424945918
26.5 7.08061596520961E-19 1.4817861480061E-07 0.00160125795675765
26.6 2.83067013188017E-19 1.34907314270036E-07 0.00149837648228933
26.7 5.6248211138906E-19 1.22707676038809E-07 0.00139994257604409
26.8 1.42940153081264E-18 1.1149473888016E-07 0.00130582351189592
26.9 1.79675287858762E-18 1.01190802116509E-07 0.00121589117584574
27 7.70678107777234E-20 9.17241696184506E-08 0.00113002186981216
27.1 3.12927576129737E-19 8.30290209050293E-08 0.0010480963111002
27.2 2.45381487847537E-18 7.50444469646206E-08 0.000969999629812457
27.3 1.22634025432507E-18 6.7714622597722E-08 0.000895621181034128
27.4 2.16531861382445E-18 6.09877910551773E-08 0.000824854692472123
27.5 1.80907253083335E-18 5.48174430786669E-08 0.00075759807168401
27.6 3.99762350473495E-18 4.91596883061015E-08 0.00069375342785317
27.7 1.47590096863645E-18 4.39749187026487E-08 0.0006332269252763
27.8 1.19460841349655E-20 3.92264289202351E-08 0.000575928892984461
27.9 2.8248658144618E-20 3.48806859991693E-08 0.000521773660041174
28 1.16045487489104E-20 3.09068126046645E-08 0.000470679571391108
28.1 5.61171162353917E-19 2.72768114477262E-08 0.000422568942788567
28.2 1.94371681896905E-18 2.39647263291466E-08 0.000377367971913274
28.3 9.15465635222685E-18 2.0946959089146E-08 0.0003350067930741
28.4 3.68918149885831E-18 1.82021307360173E-08 0.000295419360620467
28.5 3.30789095228621E-18 1.57105224678188E-08 0.000258543504478427
28.6 6.51658929141148E-19 1.34544165677273E-08 0.000224320792709721
28.7 3.40127459730142E-19 1.1417639220958E-08 0.000192696619070055
28.8 6.30489847308469E-20 9.58568592727E-09 0.000163620128723496
28.9 6.11906898203481E-19 7.94516433175871E-09 0.000137044194816124
29 5.2348834258214E-19 6.48448523281645E-09 0.000112925443332794
29.1 6.87671601763121E-20 5.19301134354421E-09 9.12242032333041E-05
29.2 1.98590616004659E-21 4.06144148836031E-09 7.19045318819457E-05
29.3 6.26322621225199E-19 3.08159085109657E-09 5.49341959779962E-05
29.4 8.686315038623E-19 2.24629806234466E-09 4.02846894203079E-05
29.5 2.87182417457653E-19 1.54958177346884E-09 2.79312128384653E-05
29.6 3.77821067065406E-19 9.86336706210216E-10 1.78527320076642E-05
29.7 2.20806805324018E-22 5.52461036558907E-10 1.00319618773948E-05
29.8 7.01225445298922E-19 2.4478815653344E-10 4.45540159017715E-06
29.9 1.26952191198958E-18 6.10874025324302E-11 1.11336159108071E-06
